(p10d10mH, (4169, 0, 0))
(p10d10mD, (1911, 0, 0))
(p10d10mY, (11, 44, 0))
(p10d10mS, (102, 426, 0))
(p10d11mY, (0, 20, 0))
(p10d11mH, (1031, 0, 0))
(p10d11mS, (30, 120, 0))
(p10d11mD, (465, 0, 0))
(p10d17mY, (0, 1144, 0))
(p10d18mY, (0, 1085, 0))
(p10d19mY, (0, 1044, 0))
(p10d2mD, (482, 0, 0))
(p10d2mH, (1081, 0, 0))
(p10d2mS, (25, 85, 0))
(p10d2mY, (3, 7, 0))
(p10d20mY, (0, 1497, 0))
(p10d21mY, (0, 960, 0))
(p10d22mY, (594, 0, 0))
(p10d23mY, (528, 0, 0))
(p10d24mY, (474, 0, 0))
(p10d25mY, (411, 0, 0))
(p10d26mY, (310, 0, 0))
(p10d3mD, (484, 0, 0))
(p10d3mH, (983, 0, 0))
(p10d3mS, (46, 102, 0))
(p10d3mY, (4, 10, 0))
(p10d4mH, (1047, 0, 0))
(p10d4mD, (433, 0, 0))
(p10d4mY, (6, 7, 0))
(p10d4mS, (39, 77, 0))
(p10d5mY, (6, 11, 0))
(p10d5mD, (489, 0, 0))
(p10d5mH, (1081, 0, 0))
(p10d5mS, (31, 109, 0))
(p10d6mH, (1041, 0, 0))
(p10d6mY, (9, 4, 0))
(p10d6mS, (37, 107, 0))
(p10d6mD, (472, 0, 0))
(p10d7mD, (471, 0, 0))
(p10d7mH, (1009, 0, 0))
(p10d7mS, (35, 101, 0))
(p10d7mY, (4, 11, 0))
(p10d8mD, (456, 0, 0))
(p10d8mH, (1000, 0, 0))
(p10d8mS, (47, 109, 0))
(p10d8mY, (5, 12, 0))
(p10d9mD, (443, 0, 0))
(p10d9mS, (25, 95, 0))
(p10d9mH, (1055, 0, 0))
(p10d9mY, (4, 20, 0))
(p11d10mH, (5325, 0, 0))
(p11d10mD, (2238, 0, 0))
(p11d10mY, (17, 60, 0))
(p11d11mH, (1339, 0, 0))
(p11d11mD, (581, 0, 0))
(p11d11mY, (5, 19, 0))
(p11d17mY, (0, 1351, 0))
(p11d18mY, (3, 1411, 0))
(p11d19mY, (0, 1354, 0))
(p11d2mD, (570, 0, 0))
(p11d2mH, (1305, 0, 0))
(p11d2mY, (7, 6, 0))
(p11d20mY, (1, 1735, 0))
(p11d21mY, (0, 1141, 0))
(p11d22mY, (724, 0, 0))
(p11d23mY, (625, 0, 0))
(p11d24mY, (530, 0, 0))
(p11d25mY, (472, 0, 0))
(p11d26mY, (383, 0, 0))
(p11d3mY, (3, 11, 0))
(p11d3mD, (570, 0, 0))
(p11d3mH, (1324, 0, 0))
(p11d4mD, (535, 0, 0))
(p11d4mH, (1337, 0, 0))
(p11d4mY, (7, 14, 0))
(p11d5mH, (1241, 0, 0))
(p11d5mD, (533, 0, 0))
(p11d5mY, (9, 10, 0))
(p11d6mD, (544, 0, 0))
(p11d6mH, (1317, 0, 0))
(p11d6mY, (9, 7, 0))
(p11d7mH, (1306, 0, 0))
(p11d7mD, (532, 0, 0))
(p11d7mY, (5, 12, 0))
(p11d8mY, (5, 14, 0))
(p11d8mD, (531, 0, 0))
(p11d8mH, (1317, 0, 0))
(p11d9mY, (6, 14, 0))
(p11d9mD, (554, 0, 0))
(p11d9mH, (1315, 0, 0))
(p12d10mY, (38, 164, 0))
(p12d10mS, (81, 423, 0))
(p12d10mD, (2886, 1173, 0))
(p12d10mH, (7462, 2989, 0))
(p12d11mY, (4, 50, 0))
(p12d11mD, (772, 305, 0))
(p12d11mS, (11, 111, 0))
(p12d11mH, (1913, 730, 0))
(p12d17mY, (1, 2871, 0))
(p12d18mY, (0, 2751, 0))
(p12d19mY, (0, 2707, 0))
(p12d2mY, (18, 29, 0))
(p12d2mS, (39, 105, 0))
(p12d2mH, (1738, 733, 0))
(p12d2mD, (721, 300, 0))
(p12d20mY, (0, 3712, 0))
(p12d21mY, (0, 2506, 0))
(p12d22mY, (1454, 0, 0))
(p12d23mY, (1247, 0, 0))
(p12d24mY, (1210, 0, 0))
(p12d25mY, (1020, 0, 0))
(p12d26mY, (828, 0, 0))
(p12d3mH, (1784, 798, 0))
(p12d3mD, (714, 311, 0))
(p12d3mS, (26, 92, 0))
(p12d3mY, (20, 32, 0))
(p12d4mY, (23, 24, 0))
(p12d4mS, (30, 94, 0))
(p12d4mH, (1886, 774, 0))
(p12d4mD, (770, 300, 0))
(p12d5mS, (32, 96, 0))
(p12d5mD, (784, 273, 0))
(p12d5mH, (1897, 768, 0))
(p12d5mY, (19, 32, 0))
(p12d6mS, (30, 74, 0))
(p12d6mY, (19, 28, 0))
(p12d6mH, (1787, 775, 0))
(p12d6mD, (736, 295, 0))
(p12d7mY, (15, 47, 0))
(p12d7mD, (761, 299, 0))
(p12d7mH, (1878, 771, 0))
(p12d7mS, (25, 83, 0))
(p12d8mY, (18, 29, 0))
(p12d8mH, (1861, 796, 0))
(p12d8mD, (725, 295, 0))
(p12d8mS, (34, 92, 0))
(p12d9mY, (12, 35, 0))
(p12d9mS, (27, 107, 0))
(p12d9mH, (1863, 762, 0))
(p12d9mD, (753, 306, 0))
(p13d10mY, (52, 142, 0))
(p13d10mD, (3090, 1379, 0))
(p13d10mH, (8039, 3872, 0))
(p13d11mD, (751, 347, 0))
(p13d11mH, (2013, 1045, 0))
(p13d11mY, (8, 48, 0))
(p13d17mY, (2, 3481, 0))
(p13d18mY, (1, 3319, 0))
(p13d19mY, (1, 3068, 0))
(p13d2mY, (15, 25, 0))
(p13d2mD, (789, 340, 0))
(p13d2mH, (1952, 991, 0))
(p13d20mY, (0, 4137, 0))
(p13d21mY, (0, 2844, 0))
(p13d22mY, (1714, 0, 0))
(p13d23mY, (1518, 0, 0))
(p13d24mY, (1271, 0, 0))
(p13d25mY, (1193, 0, 0))
(p13d26mY, (892, 0, 0))
(p13d3mY, (20, 33, 0))
(p13d3mD, (773, 368, 0))
(p13d3mH, (1965, 919, 0))
(p13d4mY, (19, 34, 0))
(p13d4mH, (1994, 1018, 0))
(p13d4mD, (683, 359, 0))
(p13d5mY, (23, 34, 0))
(p13d5mD, (758, 348, 0))
(p13d5mH, (2007, 1026, 0))
(p13d6mH, (1989, 946, 0))
(p13d6mD, (723, 332, 0))
(p13d6mY, (23, 25, 0))
(p13d7mY, (15, 24, 0))
(p13d7mH, (2038, 1038, 0))
(p13d7mD, (756, 373, 0))
(p13d8mD, (691, 351, 0))
(p13d8mH, (2019, 1025, 0))
(p13d8mY, (9, 44, 0))
(p13d9mY, (15, 46, 0))
(p13d9mD, (738, 383, 0))
(p13d9mH, (2033, 1002, 0))
(p14d10mS, (85, 459, 0))
(p14d10mD, (2528, 1581, 0))
(p14d10mH, (7120, 4646, 0))
(p14d10mY, (54, 163, 0))
(p14d11mS, (6, 140, 0))
(p14d11mY, (6, 53, 0))
(p14d11mD, (618, 409, 0))
(p14d11mH, (1710, 1154, 0))
(p14d17mY, (1, 3500, 0))
(p14d18mY, (1, 3312, 0))
(p14d19mY, (0, 3265, 0))
(p14d2mY, (16, 30, 0))
(p14d2mS, (30, 90, 0))
(p14d2mH, (1784, 1238, 0))
(p14d2mD, (643, 429, 0))
(p14d20mY, (0, 4236, 0))
(p14d21mY, (0, 2932, 0))
(p14d22mY, (1751, 0, 0))
(p14d23mY, (1575, 0, 0))
(p14d24mY, (1398, 0, 0))
(p14d25mY, (1142, 0, 0))
(p14d26mY, (947, 0, 0))
(p14d3mS, (27, 93, 0))
(p14d3mD, (587, 412, 0))
(p14d3mH, (1773, 1236, 0))
(p14d3mY, (24, 32, 0))
(p14d4mS, (37, 85, 0))
(p14d4mY, (22, 41, 0))
(p14d4mH, (1736, 1158, 0))
(p14d4mD, (628, 372, 0))
(p14d5mH, (1765, 1185, 0))
(p14d5mD, (669, 380, 0))
(p14d5mS, (43, 99, 0))
(p14d5mY, (27, 25, 0))
(p14d6mY, (22, 34, 0))
(p14d6mD, (665, 425, 0))
(p14d6mS, (24, 88, 0))
(p14d6mH, (1797, 1156, 0))
(p14d7mS, (32, 108, 0))
(p14d7mD, (625, 361, 0))
(p14d7mH, (1818, 1177, 0))
(p14d7mY, (12, 52, 0))
(p14d8mS, (37, 89, 0))
(p14d8mD, (686, 368, 0))
(p14d8mH, (1783, 1118, 0))
(p14d8mY, (10, 42, 0))
(p14d9mH, (1791, 1195, 0))
(p14d9mY, (17, 43, 0))
(p14d9mS, (15, 111, 0))
(p14d9mD, (615, 419, 0))
(p15d10mH, (6543, 5679, 0))
(p15d10mD, (2192, 1736, 0))
(p15d10mY, (59, 175, 0))
(p15d11mD, (515, 415, 0))
(p15d11mH, (1650, 1453, 0))
(p15d11mY, (14, 46, 0))
(p15d17mY, (0, 3642, 0))
(p15d18mY, (2, 3431, 0))
(p15d19mY, (0, 3416, 0))
(p15d2mD, (562, 447, 0))
(p15d2mH, (1723, 1421, 0))
(p15d2mY, (20, 33, 0))
(p15d20mY, (0, 4628, 0))
(p15d21mY, (0, 2977, 0))
(p15d22mY, (1890, 0, 0))
(p15d23mY, (1651, 0, 0))
(p15d24mY, (1473, 0, 0))
(p15d25mY, (1207, 0, 0))
(p15d26mY, (944, 0, 0))
(p15d3mH, (1681, 1419, 0))
(p15d3mD, (599, 439, 0))
(p15d3mY, (28, 26, 0))
(p15d4mD, (535, 456, 0))
(p15d4mY, (28, 26, 0))
(p15d4mH, (1642, 1519, 0))
(p15d5mD, (525, 434, 0))
(p15d5mH, (1640, 1332, 0))
(p15d5mY, (23, 21, 0))
(p15d6mY, (25, 38, 0))
(p15d6mD, (535, 422, 0))
(p15d6mH, (1662, 1423, 0))
(p15d7mD, (558, 420, 0))
(p15d7mH, (1697, 1471, 0))
(p15d7mY, (22, 48, 0))
(p15d8mD, (561, 442, 0))
(p15d8mY, (16, 52, 0))
(p15d8mH, (1607, 1439, 0))
(p15d9mH, (1621, 1327, 0))
(p15d9mY, (16, 41, 0))
(p15d9mD, (571, 403, 0))
(p16d10mY, (70, 180, 0))
(p16d10mS, (78, 422, 0))
(p16d10mH, (5866, 6215, 0))
(p16d10mD, (1883, 1724, 0))
(p16d11mY, (6, 40, 0))
(p16d11mD, (454, 432, 0))
(p16d11mH, (1454, 1627, 0))
(p16d11mS, (15, 105, 0))
(p16d17mY, (1, 3756, 0))
(p16d18mY, (2, 3611, 0))
(p16d19mY, (0, 3475, 0))
(p16d2mH, (1493, 1603, 0))
(p16d2mD, (466, 453, 0))
(p16d2mY, (26, 40, 0))
(p16d2mS, (27, 95, 0))
(p16d20mY, (1, 4663, 0))
(p16d21mY, (0, 3144, 0))
(p16d22mY, (1923, 0, 0))
(p16d23mY, (1735, 0, 0))
(p16d24mY, (1506, 0, 0))
(p16d25mY, (1195, 0, 0))
(p16d26mY, (1061, 0, 0))
(p16d3mD, (455, 434, 0))
(p16d3mH, (1418, 1560, 0))
(p16d3mS, (32, 66, 0))
(p16d3mY, (24, 38, 0))
(p16d4mD, (431, 430, 0))
(p16d4mH, (1494, 1547, 0))
(p16d4mS, (30, 84, 0))
(p16d4mY, (24, 31, 0))
(p16d5mD, (459, 432, 0))
(p16d5mH, (1363, 1627, 0))
(p16d5mY, (23, 37, 0))
(p16d5mS, (31, 85, 0))
(p16d6mH, (1402, 1514, 0))
(p16d6mD, (443, 428, 0))
(p16d6mS, (51, 105, 0))
(p16d6mY, (23, 40, 0))
(p16d7mY, (19, 44, 0))
(p16d7mS, (34, 94, 0))
(p16d7mH, (1502, 1548, 0))
(p16d7mD, (500, 406, 0))
(p16d8mD, (466, 425, 0))
(p16d8mH, (1515, 1557, 0))
(p16d8mS, (23, 87, 0))
(p16d8mY, (15, 41, 0))
(p16d9mY, (14, 51, 0))
(p16d9mH, (1402, 1597, 0))
(p16d9mD, (446, 476, 0))
(p16d9mS, (16, 96, 0))
(p17d10mY, (52, 198, 0))
(p17d10mH, (5208, 7430, 0))
(p17d10mD, (1568, 1829, 0))
(p17d11mD, (375, 465, 0))
(p17d11mH, (1327, 1837, 0))
(p17d11mY, (6, 56, 0))
(p17d17mY, (1, 3874, 0))
(p17d18mY, (0, 3743, 0))
(p17d19mY, (0, 3577, 0))
(p17d2mH, (1291, 1825, 0))
(p17d2mD, (383, 452, 0))
(p17d2mY, (25, 38, 0))
(p17d20mY, (1, 4788, 0))
(p17d21mY, (0, 3311, 0))
(p17d22mY, (1970, 0, 0))
(p17d23mY, (1758, 0, 0))
(p17d24mY, (1537, 0, 0))
(p17d25mY, (1321, 0, 0))
(p17d26mY, (1073, 0, 0))
(p17d3mY, (19, 33, 0))
(p17d3mD, (383, 451, 0))
(p17d3mH, (1373, 1825, 0))
(p17d4mY, (20, 36, 0))
(p17d4mH, (1291, 1875, 0))
(p17d4mD, (399, 493, 0))
(p17d5mY, (27, 37, 0))
(p17d5mH, (1360, 1830, 0))
(p17d5mD, (386, 438, 0))
(p17d6mD, (387, 474, 0))
(p17d6mH, (1306, 1819, 0))
(p17d6mY, (21, 37, 0))
(p17d7mY, (19, 55, 0))
(p17d7mD, (389, 469, 0))
(p17d7mH, (1322, 1848, 0))
(p17d8mY, (21, 38, 0))
(p17d8mD, (415, 443, 0))
(p17d8mH, (1301, 1820, 0))
(p17d9mY, (15, 39, 0))
(p17d9mH, (1343, 1821, 0))
(p17d9mD, (369, 464, 0))
(p18d10mD, (1243, 1781, 0))
(p18d10mH, (4553, 8137, 0))
(p18d10mS, (96, 458, 0))
(p18d10mY, (102, 182, 0))
(p18d11mY, (27, 45, 0))
(p18d11mS, (21, 123, 0))
(p18d11mH, (1121, 1974, 0))
(p18d11mD, (314, 460, 0))
(p18d17mY, (4033, 0, 0))
(p18d18mY, (0, 3779, 0))
(p18d19mY, (1, 3693, 0))
(p18d2mY, (32, 26, 0))
(p18d2mD, (316, 470, 0))
(p18d2mS, (48, 122, 0))
(p18d2mH, (1137, 2050, 0))
(p18d20mY, (1, 4862, 0))
(p18d21mY, (0, 3293, 0))
(p18d22mY, (1957, 0, 0))
(p18d23mY, (1775, 0, 0))
(p18d24mY, (1513, 0, 0))
(p18d25mY, (1340, 0, 0))
(p18d26mY, (1031, 0, 0))
(p18d3mY, (35, 35, 0))
(p18d3mH, (1078, 2023, 0))
(p18d3mD, (340, 463, 0))
(p18d3mS, (32, 82, 0))
(p18d4mS, (33, 89, 0))
(p18d4mD, (330, 440, 0))
(p18d4mH, (1085, 1939, 0))
(p18d4mY, (45, 33, 0))
(p18d5mD, (343, 461, 0))
(p18d5mY, (32, 24, 0))
(p18d5mS, (45, 91, 0))
(p18d5mH, (1146, 2002, 0))
(p18d6mS, (35, 91, 0))
(p18d6mD, (292, 457, 0))
(p18d6mH, (1149, 1974, 0))
(p18d6mY, (31, 35, 0))
(p18d7mY, (38, 28, 0))
(p18d7mH, (1128, 1989, 0))
(p18d7mD, (330, 381, 0))
(p18d7mS, (37, 83, 0))
(p18d8mY, (30, 47, 0))
(p18d8mH, (1149, 2043, 0))
(p18d8mD, (366, 445, 0))
(p18d8mS, (41, 103, 0))
(p18d9mY, (27, 27, 0))
(p18d9mH, (1134, 1997, 0))
(p18d9mD, (325, 477, 0))
(p18d9mS, (30, 96, 0))
(p19d10mD, (1108, 1737, 0))
(p19d10mH, (3851, 9002, 0))
(p19d10mY, (112, 143, 0))
(p19d11mD, (254, 499, 0))
(p19d11mH, (950, 2346, 0))
(p19d11mY, (24, 35, 0))
(p19d17mY, (4089, 0, 0))
(p19d18mY, (3958, 0, 0))
(p19d19mY, (1, 3623, 0))
(p19d2mY, (42, 25, 0))
(p19d2mH, (970, 2260, 0))
(p19d2mD, (252, 452, 0))
(p19d20mY, (1, 5003, 0))
(p19d21mY, (0, 3334, 0))
(p19d22mY, (2047, 0, 0))
(p19d23mY, (1781, 0, 0))
(p19d24mY, (1584, 0, 0))
(p19d25mY, (1373, 0, 0))
(p19d26mY, (1135, 0, 0))
(p19d3mY, (38, 27, 0))
(p19d3mH, (968, 2305, 0))
(p19d3mD, (260, 439, 0))
(p19d4mY, (46, 25, 0))
(p19d4mH, (947, 2273, 0))
(p19d4mD, (272, 448, 0))
(p19d5mD, (250, 449, 0))
(p19d5mH, (948, 2231, 0))
(p19d5mY, (37, 19, 0))
(p19d6mH, (976, 2195, 0))
(p19d6mD, (236, 452, 0))
(p19d6mY, (44, 24, 0))
(p19d7mD, (247, 517, 0))
(p19d7mH, (954, 2224, 0))
(p19d7mY, (71, 11, 0))
(p19d8mH, (987, 2232, 0))
(p19d8mY, (51, 9, 0))
(p19d8mD, (273, 420, 0))
(p19d9mH, (950, 2192, 0))
(p19d9mD, (256, 455, 0))
(p19d9mY, (34, 38, 0))
(p2d10mS, (113, 353, 0))
(p2d10mH, (259, 0, 0))
(p2d10mD, (269, 0, 0))
(p2d11mS, (13, 121, 0))
(p2d11mD, (57, 0, 0))
(p2d11mH, (56, 0, 0))
(p2d17mY, (0, 119, 0))
(p2d18mY, (0, 106, 0))
(p2d19mY, (0, 112, 0))
(p2d2mH, (68, 0, 0))
(p2d2mS, (37, 85, 0))
(p2d2mD, (54, 0, 0))
(p2d20mY, (0, 129, 0))
(p2d21mY, (0, 98, 0))
(p2d22mY, (71, 0, 0))
(p2d23mY, (60, 0, 0))
(p2d24mY, (48, 0, 0))
(p2d25mY, (24, 0, 0))
(p2d26mY, (28, 0, 0))
(p2d3mS, (51, 89, 0))
(p2d3mD, (62, 0, 0))
(p2d3mH, (57, 0, 0))
(p2d4mS, (45, 83, 0))
(p2d4mD, (81, 0, 0))
(p2d4mH, (60, 0, 0))
(p2d5mH, (51, 0, 0))
(p2d5mS, (46, 76, 0))
(p2d5mD, (71, 0, 0))
(p2d6mH, (61, 0, 0))
(p2d6mS, (58, 92, 0))
(p2d6mD, (62, 0, 0))
(p2d7mS, (38, 84, 0))
(p2d7mH, (67, 0, 0))
(p2d7mD, (76, 0, 0))
(p2d8mH, (71, 0, 0))
(p2d8mS, (31, 107, 0))
(p2d8mD, (70, 0, 0))
(p2d9mS, (34, 94, 0))
(p2d9mD, (52, 0, 0))
(p2d9mH, (53, 0, 0))
(p20d10mS, (1679, 6587, 0))
(p20d10mH, (4080, 10189, 0))
(p20d10mD, (1366, 3728, 0))
(p20d10mY, (304, 212, 0))
(p20d11mD, (351, 938, 0))
(p20d11mH, (1012, 2562, 0))
(p20d11mS, (292, 1816, 0))
(p20d11mY, (54, 60, 0))
(p20d17mY, (5305, 0, 0))
(p20d18mY, (5122, 0, 0))
(p20d19mY, (4880, 0, 0))
(p20d2mD, (378, 1024, 0))
(p20d2mH, (1053, 2506, 0))
(p20d2mS, (563, 1583, 0))
(p20d2mY, (112, 25, 0))
(p20d20mY, (0, 6584, 0))
(p20d21mY, (0, 4351, 0))
(p20d22mY, (2670, 0, 0))
(p20d23mY, (2453, 0, 0))
(p20d24mY, (2108, 0, 0))
(p20d25mY, (1856, 0, 0))
(p20d26mY, (1464, 0, 0))
(p20d3mH, (992, 2520, 0))
(p20d3mD, (348, 944, 0))
(p20d3mS, (575, 1489, 0))
(p20d3mY, (108, 28, 0))
(p20d4mY, (100, 18, 0))
(p20d4mS, (553, 1509, 0))
(p20d4mH, (1034, 2564, 0))
(p20d4mD, (372, 948, 0))
(p20d5mH, (1022, 2598, 0))
(p20d5mD, (333, 1017, 0))
(p20d5mY, (102, 27, 0))
(p20d5mS, (612, 1492, 0))
(p20d6mS, (553, 1529, 0))
(p20d6mD, (383, 961, 0))
(p20d6mH, (1056, 2549, 0))
(p20d6mY, (96, 27, 0))
(p20d7mD, (339, 1016, 0))
(p20d7mH, (1030, 2490, 0))
(p20d7mS, (608, 1562, 0))
(p20d7mY, (106, 15, 0))
(p20d8mY, (129, 16, 0))
(p20d8mS, (551, 1517, 0))
(p20d8mH, (1005, 2530, 0))
(p20d8mD, (351, 965, 0))
(p20d9mD, (362, 938, 0))
(p20d9mH, (981, 2490, 0))
(p20d9mS, (519, 1633, 0))
(p20d9mY, (103, 33, 0))
(p21d10mY, (325, 37, 0))
(p21d10mD, (2236, 0, 0))
(p21d10mH, (5766, 7855, 0))
(p21d11mD, (543, 0, 0))
(p21d11mH, (1391, 1996, 0))
(p21d11mY, (53, 35, 0))
(p21d17mY, (4338, 0, 0))
(p21d18mY, (4231, 0, 0))
(p21d19mY, (4042, 0, 0))
(p21d2mD, (569, 0, 0))
(p21d2mH, (1578, 1990, 0))
(p21d2mY, (75, 14, 0))
(p21d20mY, (5562, 0, 0))
(p21d21mY, (0, 3580, 0))
(p21d22mY, (2196, 0, 0))
(p21d23mY, (1948, 0, 0))
(p21d24mY, (1601, 0, 0))
(p21d25mY, (1411, 0, 0))
(p21d26mY, (1199, 0, 0))
(p21d3mY, (77, 5, 0))
(p21d3mD, (607, 0, 0))
(p21d3mH, (1364, 1996, 0))
(p21d4mY, (66, 7, 0))
(p21d4mH, (1438, 1906, 0))
(p21d4mD, (548, 0, 0))
(p21d5mH, (1426, 1909, 0))
(p21d5mD, (531, 0, 0))
(p21d5mY, (87, 11, 0))
(p21d6mH, (1401, 2018, 0))
(p21d6mY, (86, 7, 0))
(p21d6mD, (517, 0, 0))
(p21d7mY, (81, 1, 0))
(p21d7mD, (577, 0, 0))
(p21d7mH, (1462, 2034, 0))
(p21d8mY, (84, 4, 0))
(p21d8mD, (570, 0, 0))
(p21d8mH, (1365, 1967, 0))
(p21d9mY, (78, 8, 0))
(p21d9mH, (1405, 1939, 0))
(p21d9mD, (578, 0, 0))
(p22d10mY, (0, 516, 0))
(p22d11mY, (0, 140, 0))
(p22d17mY, (1, 6593, 0))
(p22d18mY, (1, 6213, 0))
(p22d19mY, (0, 6006, 0))
(p22d2mY, (0, 138, 0))
(p22d20mY, (0, 8102, 0))
(p22d21mY, (0, 5302, 0))
(p22d22mY, (0, 3222, 0))
(p22d23mY, (0, 2895, 0))
(p22d24mY, (1, 2543, 0))
(p22d25mY, (2, 2180, 0))
(p22d26mY, (0, 1712, 0))
(p22d3mY, (0, 132, 0))
(p22d4mY, (0, 114, 0))
(p22d5mY, (0, 132, 0))
(p22d6mY, (0, 134, 0))
(p22d7mY, (0, 137, 0))
(p22d8mY, (0, 119, 0))
(p22d9mY, (0, 123, 0))
(p23d10mY, (0, 467, 0))
(p23d11mY, (0, 118, 0))
(p23d17mY, (2, 5918, 0))
(p23d18mY, (2, 5753, 0))
(p23d19mY, (1, 5540, 0))
(p23d2mY, (0, 133, 0))
(p23d20mY, (2, 7426, 0))
(p23d21mY, (0, 5019, 0))
(p23d22mY, (0, 3060, 0))
(p23d23mY, (1, 2576, 0))
(p23d24mY, (0, 2381, 0))
(p23d25mY, (0, 1998, 0))
(p23d26mY, (0, 1647, 0))
(p23d3mY, (0, 126, 0))
(p23d4mY, (0, 134, 0))
(p23d5mY, (0, 139, 0))
(p23d6mY, (0, 125, 0))
(p23d7mY, (0, 113, 0))
(p23d8mY, (0, 115, 0))
(p23d9mY, (0, 133, 0))
(p24d10mY, (0, 453, 0))
(p24d11mY, (0, 114, 0))
(p24d17mY, (0, 5373, 0))
(p24d18mY, (1, 5396, 0))
(p24d19mY, (2, 5027, 0))
(p24d2mY, (0, 113, 0))
(p24d20mY, (1, 6759, 0))
(p24d21mY, (0, 4506, 0))
(p24d22mY, (0, 2759, 0))
(p24d23mY, (2, 2463, 0))
(p24d24mY, (1, 2083, 0))
(p24d25mY, (0, 1822, 0))
(p24d26mY, (0, 1483, 0))
(p24d3mY, (0, 111, 0))
(p24d4mY, (0, 104, 0))
(p24d5mY, (0, 116, 0))
(p24d6mY, (0, 130, 0))
(p24d7mY, (0, 109, 0))
(p24d8mY, (0, 106, 0))
(p24d9mY, (0, 124, 0))
(p25d10mY, (0, 374, 0))
(p25d11mY, (0, 115, 0))
(p25d17mY, (0, 4971, 0))
(p25d18mY, (1, 4693, 0))
(p25d19mY, (0, 4633, 0))
(p25d2mY, (0, 105, 0))
(p25d20mY, (0, 6092, 0))
(p25d21mY, (0, 4216, 0))
(p25d22mY, (2, 2504, 0))
(p25d23mY, (1, 2232, 0))
(p25d24mY, (1, 1999, 0))
(p25d25mY, (0, 1720, 0))
(p25d26mY, (0, 1340, 0))
(p25d3mY, (0, 105, 0))
(p25d4mY, (0, 107, 0))
(p25d5mY, (0, 100, 0))
(p25d6mY, (0, 102, 0))
(p25d7mY, (0, 108, 0))
(p25d8mY, (0, 88, 0))
(p25d9mY, (0, 114, 0))
(p26d10mY, (0, 402, 0))
(p26d11mY, (0, 102, 0))
(p26d17mY, (1, 4397, 0))
(p26d18mY, (1, 4178, 0))
(p26d19mY, (0, 4108, 0))
(p26d2mY, (0, 112, 0))
(p26d20mY, (1, 5370, 0))
(p26d21mY, (0, 3573, 0))
(p26d22mY, (1, 2073, 0))
(p26d23mY, (1, 1938, 0))
(p26d24mY, (1, 1722, 0))
(p26d25mY, (0, 1459, 0))
(p26d26mY, (0, 1168, 0))
(p26d3mY, (0, 92, 0))
(p26d4mY, (0, 92, 0))
(p26d5mY, (0, 98, 0))
(p26d6mY, (0, 86, 0))
(p26d7mY, (0, 107, 0))
(p26d8mY, (0, 94, 0))
(p26d9mY, (0, 89, 0))
(p27d10mY, (0, 366, 0))
(p27d11mY, (0, 95, 0))
(p27d17mY, (1, 3969, 0))
(p27d18mY, (0, 3709, 0))
(p27d19mY, (0, 3585, 0))
(p27d2mY, (0, 97, 0))
(p27d20mY, (1, 4903, 0))
(p27d21mY, (0, 3218, 0))
(p27d22mY, (0, 1895, 0))
(p27d23mY, (1, 1708, 0))
(p27d24mY, (2, 1495, 0))
(p27d25mY, (1, 1268, 0))
(p27d26mY, (1, 1096, 0))
(p27d3mY, (0, 89, 0))
(p27d4mY, (0, 97, 0))
(p27d5mY, (0, 109, 0))
(p27d6mY, (0, 84, 0))
(p27d7mY, (0, 93, 0))
(p27d8mY, (0, 98, 0))
(p27d9mY, (0, 77, 0))
(p28d10mY, (0, 295, 0))
(p28d11mY, (0, 88, 0))
(p28d17mY, (0, 3301, 0))
(p28d18mY, (0, 3058, 0))
(p28d19mY, (0, 3158, 0))
(p28d2mY, (0, 82, 0))
(p28d20mY, (0, 3939, 0))
(p28d21mY, (0, 2720, 0))
(p28d22mY, (1, 1718, 0))
(p28d23mY, (0, 1458, 0))
(p28d24mY, (2, 1252, 0))
(p28d25mY, (1, 1096, 0))
(p28d26mY, (1, 914, 0))
(p28d3mY, (0, 94, 0))
(p28d4mY, (0, 73, 0))
(p28d5mY, (0, 74, 0))
(p28d6mY, (0, 85, 0))
(p28d7mY, (0, 79, 0))
(p28d8mY, (0, 71, 0))
(p28d9mY, (0, 88, 0))
(p29d10mY, (0, 265, 0))
(p29d11mY, (0, 62, 0))
(p29d17mY, (1, 2835, 0))
(p29d18mY, (0, 2735, 0))
(p29d19mY, (0, 2668, 0))
(p29d2mY, (0, 73, 0))
(p29d20mY, (0, 3458, 0))
(p29d21mY, (0, 2382, 0))
(p29d22mY, (1, 1424, 0))
(p29d23mY, (0, 1268, 0))
(p29d24mY, (0, 1089, 0))
(p29d25mY, (1, 952, 0))
(p29d26mY, (1, 757, 0))
(p29d3mY, (0, 54, 0))
(p29d4mY, (0, 75, 0))
(p29d5mY, (0, 60, 0))
(p29d6mY, (0, 49, 0))
(p29d7mY, (0, 64, 0))
(p29d8mY, (0, 75, 0))
(p29d9mY, (0, 68, 0))
(p3d10mD, (6, 0, 0))
(p3d10mH, (17, 0, 0))
(p3d10mY, (0, 3, 0))
(p3d11mD, (3, 0, 0))
(p3d11mH, (6, 0, 0))
(p3d17mY, (0, 5, 0))
(p3d18mY, (0, 6, 0))
(p3d19mY, (0, 3, 0))
(p3d2mH, (3, 0, 0))
(p3d2mD, (1, 0, 0))
(p3d20mY, (0, 6, 0))
(p3d22mY, (2, 0, 0))
(p3d23mY, (3, 0, 0))
(p3d24mY, (3, 0, 0))
(p3d25mY, (1, 0, 0))
(p3d3mY, (1, 2, 0))
(p3d3mD, (2, 0, 0))
(p3d3mH, (7, 0, 0))
(p3d4mH, (8, 0, 0))
(p3d4mD, (2, 0, 0))
(p3d5mY, (3, 0, 0))
(p3d5mH, (2, 0, 0))
(p3d6mD, (7, 0, 0))
(p3d6mH, (7, 0, 0))
(p3d7mD, (1, 0, 0))
(p3d7mH, (1, 0, 0))
(p3d8mD, (4, 0, 0))
(p3d8mY, (1, 0, 0))
(p3d8mH, (1, 0, 0))
(p3d9mD, (2, 0, 0))
(p3d9mH, (6, 0, 0))
(p30d10mY, (0, 373, 0))
(p30d11mY, (0, 104, 0))
(p30d17mY, (0, 2537, 0))
(p30d18mY, (0, 2499, 0))
(p30d19mY, (2, 2311, 0))
(p30d2mY, (0, 97, 0))
(p30d20mY, (0, 3351, 0))
(p30d21mY, (0, 2135, 0))
(p30d22mY, (1, 1310, 0))
(p30d23mY, (1, 1226, 0))
(p30d24mY, (0, 1036, 0))
(p30d25mY, (2, 870, 0))
(p30d26mY, (1, 777, 0))
(p30d3mY, (0, 74, 0))
(p30d4mY, (0, 97, 0))
(p30d5mY, (0, 95, 0))
(p30d6mY, (0, 102, 0))
(p30d7mY, (0, 89, 0))
(p30d8mY, (0, 104, 0))
(p30d9mY, (0, 99, 0))
(p31d10mY, (0, 84, 0))
(p31d11mY, (0, 23, 0))
(p31d17mY, (0, 1154, 0))
(p31d18mY, (0, 1135, 0))
(p31d19mY, (0, 1097, 0))
(p31d2mY, (0, 25, 0))
(p31d20mY, (0, 1489, 0))
(p31d21mY, (0, 961, 0))
(p31d22mY, (0, 614, 0))
(p31d23mY, (0, 549, 0))
(p31d24mY, (0, 475, 0))
(p31d25mY, (0, 402, 0))
(p31d26mY, (1, 337, 0))
(p31d3mY, (0, 16, 0))
(p31d4mY, (0, 27, 0))
(p31d5mY, (0, 23, 0))
(p31d6mY, (0, 21, 0))
(p31d7mY, (0, 18, 0))
(p31d8mY, (0, 14, 0))
(p31d9mY, (0, 14, 0))
(p4d10mD, (257, 0, 0))
(p4d10mH, (363, 0, 0))
(p4d10mS, (89, 351, 0))
(p4d10mY, (5, 10, 0))
(p4d11mY, (2, 4, 0))
(p4d11mS, (19, 135, 0))
(p4d11mH, (107, 0, 0))
(p4d11mD, (61, 0, 0))
(p4d17mY, (0, 169, 0))
(p4d18mY, (0, 185, 0))
(p4d19mY, (0, 166, 0))
(p4d2mY, (1, 3, 0))
(p4d2mS, (40, 78, 0))
(p4d2mH, (76, 0, 0))
(p4d2mD, (66, 0, 0))
(p4d20mY, (0, 227, 0))
(p4d21mY, (0, 142, 0))
(p4d22mY, (92, 0, 0))
(p4d23mY, (78, 0, 0))
(p4d24mY, (65, 0, 0))
(p4d25mY, (53, 0, 0))
(p4d26mY, (52, 0, 0))
(p4d3mD, (66, 0, 0))
(p4d3mH, (88, 0, 0))
(p4d3mY, (0, 1, 0))
(p4d3mS, (34, 106, 0))
(p4d4mS, (49, 75, 0))
(p4d4mH, (77, 0, 0))
(p4d4mD, (76, 0, 0))
(p4d4mY, (0, 4, 0))
(p4d5mS, (44, 100, 0))
(p4d5mH, (98, 0, 0))
(p4d5mY, (3, 1, 0))
(p4d5mD, (72, 0, 0))
(p4d6mS, (37, 83, 0))
(p4d6mY, (1, 0, 0))
(p4d6mD, (64, 0, 0))
(p4d6mH, (86, 0, 0))
(p4d7mD, (70, 0, 0))
(p4d7mH, (100, 0, 0))
(p4d7mS, (28, 112, 0))
(p4d7mY, (0, 1, 0))
(p4d8mY, (0, 6, 0))
(p4d8mS, (26, 90, 0))
(p4d8mD, (58, 0, 0))
(p4d8mH, (115, 0, 0))
(p4d9mH, (88, 0, 0))
(p4d9mS, (23, 109, 0))
(p4d9mY, (0, 1, 0))
(p4d9mD, (73, 0, 0))
(p5d10mD, (551, 0, 0))
(p5d10mH, (1203, 0, 0))
(p5d10mY, (2, 8, 0))
(p5d11mH, (309, 0, 0))
(p5d11mD, (137, 0, 0))
(p5d11mY, (1, 3, 0))
(p5d17mY, (0, 287, 0))
(p5d18mY, (0, 266, 0))
(p5d19mY, (0, 279, 0))
(p5d2mY, (2, 3, 0))
(p5d2mH, (309, 0, 0))
(p5d2mD, (109, 0, 0))
(p5d20mY, (0, 376, 0))
(p5d21mY, (0, 219, 0))
(p5d22mY, (132, 0, 0))
(p5d23mY, (130, 0, 0))
(p5d24mY, (134, 0, 0))
(p5d25mY, (110, 0, 0))
(p5d26mY, (78, 0, 0))
(p5d3mH, (274, 0, 0))
(p5d3mY, (1, 3, 0))
(p5d3mD, (127, 0, 0))
(p5d4mD, (145, 0, 0))
(p5d4mH, (307, 0, 0))
(p5d4mY, (2, 4, 0))
(p5d5mY, (2, 4, 0))
(p5d5mD, (143, 0, 0))
(p5d5mH, (291, 0, 0))
(p5d6mY, (2, 1, 0))
(p5d6mH, (276, 0, 0))
(p5d6mD, (148, 0, 0))
(p5d7mY, (0, 3, 0))
(p5d7mH, (292, 0, 0))
(p5d7mD, (134, 0, 0))
(p5d8mY, (1, 3, 0))
(p5d8mD, (150, 0, 0))
(p5d8mH, (307, 0, 0))
(p5d9mH, (301, 0, 0))
(p5d9mD, (146, 0, 0))
(p5d9mY, (3, 2, 0))
(p6d10mD, (808, 0, 0))
(p6d10mH, (1415, 0, 0))
(p6d10mS, (85, 437, 0))
(p6d10mY, (5, 14, 0))
(p6d11mY, (0, 5, 0))
(p6d11mH, (370, 0, 0))
(p6d11mD, (189, 0, 0))
(p6d11mS, (14, 106, 0))
(p6d17mY, (0, 353, 0))
(p6d18mY, (0, 366, 0))
(p6d19mY, (0, 425, 0))
(p6d2mS, (32, 78, 0))
(p6d2mY, (2, 0, 0))
(p6d2mD, (211, 0, 0))
(p6d2mH, (336, 0, 0))
(p6d20mY, (0, 585, 0))
(p6d21mY, (0, 401, 0))
(p6d22mY, (211, 0, 0))
(p6d23mY, (204, 0, 0))
(p6d24mY, (182, 0, 0))
(p6d25mY, (142, 0, 0))
(p6d26mY, (122, 0, 0))
(p6d3mD, (203, 0, 0))
(p6d3mS, (24, 78, 0))
(p6d3mH, (375, 0, 0))
(p6d3mY, (1, 2, 0))
(p6d4mY, (1, 4, 0))
(p6d4mH, (369, 0, 0))
(p6d4mD, (192, 0, 0))
(p6d4mS, (52, 108, 0))
(p6d5mD, (195, 0, 0))
(p6d5mH, (359, 0, 0))
(p6d5mY, (4, 1, 0))
(p6d5mS, (38, 84, 0))
(p6d6mS, (40, 74, 0))
(p6d6mY, (5, 5, 0))
(p6d6mD, (200, 0, 0))
(p6d6mH, (383, 0, 0))
(p6d7mY, (4, 4, 0))
(p6d7mD, (197, 0, 0))
(p6d7mH, (398, 0, 0))
(p6d7mS, (33, 97, 0))
(p6d8mS, (27, 95, 0))
(p6d8mH, (362, 0, 0))
(p6d8mD, (213, 0, 0))
(p6d8mY, (0, 1, 0))
(p6d9mS, (24, 88, 0))
(p6d9mD, (194, 0, 0))
(p6d9mY, (4, 8, 0))
(p6d9mH, (402, 0, 0))
(p7d10mY, (5, 28, 0))
(p7d10mH, (2339, 0, 0))
(p7d10mD, (1119, 0, 0))
(p7d11mY, (1, 4, 0))
(p7d11mH, (581, 0, 0))
(p7d11mD, (288, 0, 0))
(p7d17mY, (1, 596, 0))
(p7d18mY, (0, 559, 0))
(p7d19mY, (1, 541, 0))
(p7d2mH, (596, 0, 0))
(p7d2mY, (1, 7, 0))
(p7d2mD, (263, 0, 0))
(p7d20mY, (0, 735, 0))
(p7d21mY, (0, 520, 0))
(p7d22mY, (291, 0, 0))
(p7d23mY, (236, 0, 0))
(p7d24mY, (230, 0, 0))
(p7d25mY, (201, 0, 0))
(p7d26mY, (156, 0, 0))
(p7d3mY, (1, 3, 0))
(p7d3mD, (270, 0, 0))
(p7d3mH, (578, 0, 0))
(p7d4mH, (625, 0, 0))
(p7d4mD, (259, 0, 0))
(p7d4mY, (4, 3, 0))
(p7d5mH, (583, 0, 0))
(p7d5mD, (265, 0, 0))
(p7d5mY, (7, 9, 0))
(p7d6mY, (2, 6, 0))
(p7d6mD, (278, 0, 0))
(p7d6mH, (590, 0, 0))
(p7d7mH, (592, 0, 0))
(p7d7mD, (287, 0, 0))
(p7d7mY, (3, 7, 0))
(p7d8mH, (624, 0, 0))
(p7d8mY, (3, 4, 0))
(p7d8mD, (266, 0, 0))
(p7d9mD, (288, 0, 0))
(p7d9mH, (547, 0, 0))
(p7d9mY, (0, 7, 0))
(p8d10mS, (67, 433, 0))
(p8d10mD, (1436, 0, 0))
(p8d10mH, (2635, 0, 0))
(p8d10mY, (11, 19, 0))
(p8d11mD, (337, 0, 0))
(p8d11mH, (683, 0, 0))
(p8d11mS, (11, 115, 0))
(p8d11mY, (3, 5, 0))
(p8d17mY, (0, 731, 0))
(p8d18mY, (0, 737, 0))
(p8d19mY, (0, 727, 0))
(p8d2mY, (2, 1, 0))
(p8d2mS, (29, 95, 0))
(p8d2mH, (697, 0, 0))
(p8d2mD, (347, 0, 0))
(p8d20mY, (0, 926, 0))
(p8d21mY, (0, 627, 0))
(p8d22mY, (397, 0, 0))
(p8d23mY, (340, 0, 0))
(p8d24mY, (298, 0, 0))
(p8d25mY, (258, 0, 0))
(p8d26mY, (183, 0, 0))
(p8d3mY, (7, 4, 0))
(p8d3mH, (678, 0, 0))
(p8d3mD, (316, 0, 0))
(p8d3mS, (42, 92, 0))
(p8d4mD, (362, 0, 0))
(p8d4mS, (39, 97, 0))
(p8d4mY, (4, 4, 0))
(p8d4mH, (701, 0, 0))
(p8d5mY, (3, 12, 0))
(p8d5mH, (642, 0, 0))
(p8d5mD, (332, 0, 0))
(p8d5mS, (37, 101, 0))
(p8d6mD, (332, 0, 0))
(p8d6mH, (663, 0, 0))
(p8d6mS, (41, 79, 0))
(p8d6mY, (3, 6, 0))
(p8d7mH, (731, 0, 0))
(p8d7mD, (318, 0, 0))
(p8d7mY, (7, 8, 0))
(p8d7mS, (36, 98, 0))
(p8d8mY, (2, 6, 0))
(p8d8mS, (15, 89, 0))
(p8d8mH, (717, 0, 0))
(p8d8mD, (350, 0, 0))
(p8d9mY, (4, 6, 0))
(p8d9mS, (39, 131, 0))
(p8d9mH, (662, 0, 0))
(p8d9mD, (359, 0, 0))
(p9d10mY, (4, 30, 0))
(p9d10mD, (1579, 0, 0))
(p9d10mH, (3857, 0, 0))
(p9d11mH, (952, 0, 0))
(p9d11mY, (0, 12, 0))
(p9d11mD, (431, 0, 0))
(p9d17mY, (0, 971, 0))
(p9d18mY, (0, 953, 0))
(p9d19mY, (0, 890, 0))
(p9d2mH, (977, 0, 0))
(p9d2mD, (420, 0, 0))
(p9d2mY, (5, 8, 0))
(p9d20mY, (0, 1199, 0))
(p9d21mY, (0, 786, 0))
(p9d22mY, (494, 0, 0))
(p9d23mY, (424, 0, 0))
(p9d24mY, (389, 0, 0))
(p9d25mY, (346, 0, 0))
(p9d26mY, (266, 0, 0))
(p9d3mY, (4, 10, 0))
(p9d3mD, (435, 0, 0))
(p9d3mH, (937, 0, 0))
(p9d4mD, (412, 0, 0))
(p9d4mH, (920, 0, 0))
(p9d4mY, (9, 7, 0))
(p9d5mY, (1, 9, 0))
(p9d5mH, (911, 0, 0))
(p9d5mD, (376, 0, 0))
(p9d6mD, (412, 0, 0))
(p9d6mH, (924, 0, 0))
(p9d6mY, (4, 5, 0))
(p9d7mH, (938, 0, 0))
(p9d7mD, (427, 0, 0))
(p9d7mY, (1, 6, 0))
(p9d8mD, (416, 0, 0))
(p9d8mH, (923, 0, 0))
(p9d8mY, (6, 8, 0))
(p9d9mD, (437, 0, 0))
(p9d9mH, (957, 0, 0))
(p9d9mY, (5, 7, 0))
