(p10d10mH, (619, 0, 0))
(p10d10mD, (276, 0, 0))
(p10d10mY, (2, 7, 0))
(p10d10mS, (13, 47, 0))
(p10d11mY, (0, 1, 0))
(p10d11mD, (71, 0, 0))
(p10d11mH, (156, 0, 0))
(p10d11mS, (2, 10, 0))
(p10d17mY, (0, 165, 0))
(p10d18mY, (0, 162, 0))
(p10d19mY, (0, 158, 0))
(p10d2mD, (69, 0, 0))
(p10d2mH, (166, 0, 0))
(p10d2mS, (2, 18, 0))
(p10d2mY, (0, 3, 0))
(p10d20mY, (0, 227, 0))
(p10d21mY, (0, 134, 0))
(p10d22mY, (78, 0, 0))
(p10d23mY, (62, 0, 0))
(p10d24mY, (58, 0, 0))
(p10d25mY, (63, 0, 0))
(p10d26mY, (56, 0, 0))
(p10d3mD, (65, 0, 0))
(p10d3mH, (133, 0, 0))
(p10d3mS, (2, 18, 0))
(p10d3mY, (1, 0, 0))
(p10d4mH, (148, 0, 0))
(p10d4mD, (57, 0, 0))
(p10d4mY, (0, 2, 0))
(p10d4mS, (2, 8, 0))
(p10d5mD, (59, 0, 0))
(p10d5mH, (145, 0, 0))
(p10d5mS, (8, 12, 0))
(p10d6mH, (139, 0, 0))
(p10d6mD, (75, 0, 0))
(p10d6mY, (1, 1, 0))
(p10d6mS, (1, 15, 0))
(p10d7mD, (56, 0, 0))
(p10d7mH, (138, 0, 0))
(p10d7mS, (5, 13, 0))
(p10d7mY, (1, 2, 0))
(p10d8mD, (53, 0, 0))
(p10d8mH, (139, 0, 0))
(p10d8mS, (5, 15, 0))
(p10d9mD, (72, 0, 0))
(p10d9mS, (1, 25, 0))
(p10d9mH, (137, 0, 0))
(p10d9mY, (0, 1, 0))
(p11d10mH, (727, 0, 0))
(p11d10mD, (280, 0, 0))
(p11d10mY, (0, 10, 0))
(p11d11mD, (88, 0, 0))
(p11d11mY, (1, 2, 0))
(p11d11mH, (178, 0, 0))
(p11d17mY, (0, 171, 0))
(p11d18mY, (0, 171, 0))
(p11d19mY, (0, 178, 0))
(p11d2mD, (80, 0, 0))
(p11d2mH, (187, 0, 0))
(p11d2mY, (2, 3, 0))
(p11d20mY, (0, 241, 0))
(p11d21mY, (0, 160, 0))
(p11d22mY, (96, 0, 0))
(p11d23mY, (92, 0, 0))
(p11d24mY, (72, 0, 0))
(p11d25mY, (71, 0, 0))
(p11d26mY, (63, 0, 0))
(p11d3mY, (1, 0, 0))
(p11d3mD, (96, 0, 0))
(p11d3mH, (192, 0, 0))
(p11d4mD, (70, 0, 0))
(p11d4mH, (144, 0, 0))
(p11d4mY, (0, 3, 0))
(p11d5mH, (168, 0, 0))
(p11d5mD, (77, 0, 0))
(p11d5mY, (3, 1, 0))
(p11d6mD, (82, 0, 0))
(p11d6mH, (184, 0, 0))
(p11d6mY, (3, 0, 0))
(p11d7mH, (206, 0, 0))
(p11d7mD, (66, 0, 0))
(p11d7mY, (0, 2, 0))
(p11d8mD, (76, 0, 0))
(p11d8mH, (185, 0, 0))
(p11d8mY, (1, 2, 0))
(p11d9mY, (1, 2, 0))
(p11d9mD, (81, 0, 0))
(p11d9mH, (179, 0, 0))
(p12d10mS, (15, 61, 0))
(p12d10mY, (4, 18, 0))
(p12d10mD, (412, 173, 0))
(p12d10mH, (1019, 422, 0))
(p12d11mD, (118, 42, 0))
(p12d11mH, (279, 101, 0))
(p12d11mS, (3, 25, 0))
(p12d11mY, (2, 3, 0))
(p12d17mY, (0, 392, 0))
(p12d18mY, (1, 401, 0))
(p12d19mY, (0, 381, 0))
(p12d2mY, (1, 3, 0))
(p12d2mS, (6, 16, 0))
(p12d2mH, (232, 98, 0))
(p12d2mD, (106, 41, 0))
(p12d20mY, (0, 496, 0))
(p12d21mY, (0, 345, 0))
(p12d22mY, (177, 0, 0))
(p12d23mY, (198, 0, 0))
(p12d24mY, (174, 0, 0))
(p12d25mY, (143, 0, 0))
(p12d26mY, (115, 0, 0))
(p12d3mH, (252, 110, 0))
(p12d3mD, (105, 43, 0))
(p12d3mS, (5, 23, 0))
(p12d3mY, (3, 5, 0))
(p12d4mS, (4, 6, 0))
(p12d4mH, (263, 104, 0))
(p12d4mD, (110, 41, 0))
(p12d4mY, (1, 2, 0))
(p12d5mS, (9, 21, 0))
(p12d5mD, (120, 45, 0))
(p12d5mH, (258, 114, 0))
(p12d5mY, (1, 2, 0))
(p12d6mS, (5, 1, 0))
(p12d6mY, (5, 2, 0))
(p12d6mH, (267, 102, 0))
(p12d6mD, (113, 43, 0))
(p12d7mD, (99, 45, 0))
(p12d7mH, (269, 87, 0))
(p12d7mS, (0, 2, 0))
(p12d7mY, (2, 8, 0))
(p12d8mY, (1, 8, 0))
(p12d8mH, (265, 102, 0))
(p12d8mD, (113, 37, 0))
(p12d8mS, (3, 21, 0))
(p12d9mS, (4, 8, 0))
(p12d9mH, (255, 90, 0))
(p12d9mD, (100, 47, 0))
(p12d9mY, (0, 5, 0))
(p13d10mY, (5, 27, 0))
(p13d10mD, (458, 217, 0))
(p13d10mH, (1094, 526, 0))
(p13d11mD, (117, 46, 0))
(p13d11mH, (283, 147, 0))
(p13d11mY, (3, 12, 0))
(p13d17mY, (0, 428, 0))
(p13d18mY, (0, 467, 0))
(p13d19mY, (0, 401, 0))
(p13d2mY, (6, 4, 0))
(p13d2mD, (94, 37, 0))
(p13d2mH, (283, 139, 0))
(p13d20mY, (0, 609, 0))
(p13d21mY, (0, 360, 0))
(p13d22mY, (217, 0, 0))
(p13d23mY, (206, 0, 0))
(p13d24mY, (201, 0, 0))
(p13d25mY, (153, 0, 0))
(p13d26mY, (109, 0, 0))
(p13d3mY, (4, 5, 0))
(p13d3mD, (103, 57, 0))
(p13d3mH, (292, 133, 0))
(p13d4mY, (2, 5, 0))
(p13d4mH, (280, 131, 0))
(p13d4mD, (101, 57, 0))
(p13d5mD, (114, 42, 0))
(p13d5mH, (312, 157, 0))
(p13d5mY, (4, 5, 0))
(p13d6mD, (92, 50, 0))
(p13d6mH, (283, 148, 0))
(p13d6mY, (2, 3, 0))
(p13d7mY, (1, 2, 0))
(p13d7mD, (106, 37, 0))
(p13d7mH, (320, 155, 0))
(p13d8mH, (292, 136, 0))
(p13d8mD, (108, 39, 0))
(p13d8mY, (2, 4, 0))
(p13d9mY, (1, 7, 0))
(p13d9mD, (100, 40, 0))
(p13d9mH, (271, 144, 0))
(p14d10mS, (11, 59, 0))
(p14d10mY, (7, 24, 0))
(p14d10mD, (365, 218, 0))
(p14d10mH, (943, 627, 0))
(p14d11mS, (2, 10, 0))
(p14d11mY, (1, 6, 0))
(p14d11mD, (89, 52, 0))
(p14d11mH, (265, 172, 0))
(p14d17mY, (2, 491, 0))
(p14d18mY, (0, 486, 0))
(p14d19mY, (0, 459, 0))
(p14d2mY, (6, 7, 0))
(p14d2mS, (5, 9, 0))
(p14d2mH, (264, 176, 0))
(p14d2mD, (84, 62, 0))
(p14d20mY, (0, 638, 0))
(p14d21mY, (0, 404, 0))
(p14d22mY, (239, 0, 0))
(p14d23mY, (208, 0, 0))
(p14d24mY, (175, 0, 0))
(p14d25mY, (163, 0, 0))
(p14d26mY, (140, 0, 0))
(p14d3mS, (3, 9, 0))
(p14d3mD, (108, 53, 0))
(p14d3mH, (256, 160, 0))
(p14d3mY, (4, 2, 0))
(p14d4mS, (4, 22, 0))
(p14d4mH, (223, 150, 0))
(p14d4mY, (3, 1, 0))
(p14d4mD, (83, 60, 0))
(p14d5mD, (88, 68, 0))
(p14d5mS, (3, 7, 0))
(p14d5mY, (3, 2, 0))
(p14d5mH, (244, 170, 0))
(p14d6mY, (3, 1, 0))
(p14d6mS, (5, 9, 0))
(p14d6mD, (84, 55, 0))
(p14d6mH, (243, 185, 0))
(p14d7mS, (2, 16, 0))
(p14d7mD, (87, 48, 0))
(p14d7mH, (248, 168, 0))
(p14d7mY, (0, 3, 0))
(p14d8mS, (5, 11, 0))
(p14d8mD, (70, 78, 0))
(p14d8mH, (228, 191, 0))
(p14d8mY, (3, 7, 0))
(p14d9mH, (247, 142, 0))
(p14d9mY, (1, 4, 0))
(p14d9mS, (6, 14, 0))
(p14d9mD, (98, 47, 0))
(p15d10mH, (895, 781, 0))
(p15d10mD, (291, 250, 0))
(p15d10mY, (3, 21, 0))
(p15d11mD, (72, 51, 0))
(p15d11mH, (257, 194, 0))
(p15d11mY, (0, 7, 0))
(p15d17mY, (0, 499, 0))
(p15d18mY, (1, 509, 0))
(p15d19mY, (0, 459, 0))
(p15d2mD, (65, 64, 0))
(p15d2mH, (224, 210, 0))
(p15d2mY, (4, 3, 0))
(p15d20mY, (0, 667, 0))
(p15d21mY, (0, 428, 0))
(p15d22mY, (253, 0, 0))
(p15d23mY, (221, 0, 0))
(p15d24mY, (192, 0, 0))
(p15d25mY, (195, 0, 0))
(p15d26mY, (140, 0, 0))
(p15d3mH, (234, 194, 0))
(p15d3mD, (77, 61, 0))
(p15d3mY, (1, 11, 0))
(p15d4mY, (5, 4, 0))
(p15d4mH, (233, 205, 0))
(p15d4mD, (83, 72, 0))
(p15d5mD, (63, 50, 0))
(p15d5mH, (222, 183, 0))
(p15d5mY, (8, 1, 0))
(p15d6mY, (4, 8, 0))
(p15d6mD, (73, 62, 0))
(p15d6mH, (227, 198, 0))
(p15d7mY, (1, 4, 0))
(p15d7mD, (87, 71, 0))
(p15d7mH, (274, 192, 0))
(p15d8mD, (82, 57, 0))
(p15d8mY, (0, 5, 0))
(p15d8mH, (237, 183, 0))
(p15d9mH, (227, 197, 0))
(p15d9mY, (4, 7, 0))
(p15d9mD, (93, 67, 0))
(p16d10mY, (6, 32, 0))
(p16d10mS, (7, 51, 0))
(p16d10mH, (762, 871, 0))
(p16d10mD, (265, 240, 0))
(p16d11mY, (0, 8, 0))
(p16d11mS, (1, 9, 0))
(p16d11mD, (79, 65, 0))
(p16d11mH, (206, 214, 0))
(p16d17mY, (0, 508, 0))
(p16d18mY, (0, 470, 0))
(p16d19mY, (0, 487, 0))
(p16d2mH, (201, 249, 0))
(p16d2mD, (70, 77, 0))
(p16d2mS, (0, 22, 0))
(p16d2mY, (1, 2, 0))
(p16d20mY, (0, 664, 0))
(p16d21mY, (0, 454, 0))
(p16d22mY, (265, 0, 0))
(p16d23mY, (242, 0, 0))
(p16d24mY, (218, 0, 0))
(p16d25mY, (191, 0, 0))
(p16d26mY, (139, 0, 0))
(p16d3mD, (69, 76, 0))
(p16d3mH, (212, 227, 0))
(p16d3mS, (7, 9, 0))
(p16d3mY, (4, 10, 0))
(p16d4mD, (67, 65, 0))
(p16d4mH, (203, 236, 0))
(p16d4mS, (7, 15, 0))
(p16d4mY, (2, 5, 0))
(p16d5mD, (57, 72, 0))
(p16d5mH, (201, 200, 0))
(p16d5mY, (9, 5, 0))
(p16d5mS, (10, 12, 0))
(p16d6mH, (194, 238, 0))
(p16d6mD, (57, 61, 0))
(p16d6mS, (4, 20, 0))
(p16d6mY, (4, 6, 0))
(p16d7mY, (1, 8, 0))
(p16d7mS, (8, 18, 0))
(p16d7mH, (207, 221, 0))
(p16d7mD, (46, 74, 0))
(p16d8mD, (71, 60, 0))
(p16d8mH, (187, 228, 0))
(p16d8mS, (7, 13, 0))
(p16d8mY, (2, 15, 0))
(p16d9mS, (5, 21, 0))
(p16d9mY, (4, 5, 0))
(p16d9mH, (181, 237, 0))
(p16d9mD, (59, 67, 0))
(p17d10mY, (7, 28, 0))
(p17d10mH, (743, 1023, 0))
(p17d10mD, (205, 256, 0))
(p17d11mD, (48, 54, 0))
(p17d11mH, (173, 278, 0))
(p17d11mY, (2, 9, 0))
(p17d17mY, (1, 566, 0))
(p17d18mY, (0, 548, 0))
(p17d19mY, (0, 502, 0))
(p17d2mH, (172, 256, 0))
(p17d2mD, (46, 71, 0))
(p17d2mY, (2, 6, 0))
(p17d20mY, (0, 671, 0))
(p17d21mY, (0, 461, 0))
(p17d22mY, (253, 0, 0))
(p17d23mY, (255, 0, 0))
(p17d24mY, (202, 0, 0))
(p17d25mY, (178, 0, 0))
(p17d26mY, (157, 0, 0))
(p17d3mY, (3, 3, 0))
(p17d3mD, (48, 51, 0))
(p17d3mH, (197, 254, 0))
(p17d4mY, (6, 6, 0))
(p17d4mH, (195, 275, 0))
(p17d4mD, (53, 69, 0))
(p17d5mY, (3, 10, 0))
(p17d5mH, (194, 262, 0))
(p17d5mD, (60, 62, 0))
(p17d6mD, (54, 74, 0))
(p17d6mH, (196, 233, 0))
(p17d6mY, (3, 1, 0))
(p17d7mY, (4, 2, 0))
(p17d7mD, (64, 52, 0))
(p17d7mH, (213, 251, 0))
(p17d8mY, (4, 4, 0))
(p17d8mH, (184, 268, 0))
(p17d8mD, (53, 57, 0))
(p17d9mY, (5, 7, 0))
(p17d9mH, (202, 253, 0))
(p17d9mD, (48, 67, 0))
(p18d10mD, (164, 234, 0))
(p18d10mH, (637, 1123, 0))
(p18d10mS, (8, 78, 0))
(p18d10mY, (12, 17, 0))
(p18d11mY, (1, 8, 0))
(p18d11mS, (1, 19, 0))
(p18d11mH, (146, 261, 0))
(p18d11mD, (60, 55, 0))
(p18d17mY, (549, 0, 0))
(p18d18mY, (1, 519, 0))
(p18d19mY, (0, 459, 0))
(p18d2mY, (6, 2, 0))
(p18d2mS, (2, 8, 0))
(p18d2mD, (44, 57, 0))
(p18d2mH, (163, 254, 0))
(p18d20mY, (0, 687, 0))
(p18d21mY, (0, 453, 0))
(p18d22mY, (258, 0, 0))
(p18d23mY, (244, 0, 0))
(p18d24mY, (217, 0, 0))
(p18d25mY, (178, 0, 0))
(p18d26mY, (162, 0, 0))
(p18d3mS, (3, 13, 0))
(p18d3mH, (139, 293, 0))
(p18d3mY, (7, 7, 0))
(p18d3mD, (41, 52, 0))
(p18d4mS, (11, 13, 0))
(p18d4mD, (41, 73, 0))
(p18d4mH, (174, 309, 0))
(p18d4mY, (8, 8, 0))
(p18d5mD, (42, 50, 0))
(p18d5mY, (5, 2, 0))
(p18d5mS, (8, 18, 0))
(p18d5mH, (181, 289, 0))
(p18d6mS, (2, 12, 0))
(p18d6mD, (41, 70, 0))
(p18d6mH, (177, 283, 0))
(p18d6mY, (2, 2, 0))
(p18d7mY, (7, 5, 0))
(p18d7mH, (172, 292, 0))
(p18d7mD, (47, 52, 0))
(p18d7mS, (9, 9, 0))
(p18d8mH, (143, 263, 0))
(p18d8mD, (43, 64, 0))
(p18d8mY, (3, 4, 0))
(p18d8mS, (8, 14, 0))
(p18d9mY, (2, 9, 0))
(p18d9mH, (173, 265, 0))
(p18d9mD, (55, 78, 0))
(p18d9mS, (4, 18, 0))
(p19d10mD, (160, 243, 0))
(p19d10mH, (554, 1294, 0))
(p19d10mY, (18, 18, 0))
(p19d11mD, (37, 50, 0))
(p19d11mH, (139, 303, 0))
(p19d11mY, (5, 9, 0))
(p19d17mY, (509, 0, 0))
(p19d18mY, (536, 0, 0))
(p19d19mY, (0, 517, 0))
(p19d2mY, (6, 1, 0))
(p19d2mH, (135, 270, 0))
(p19d2mD, (35, 61, 0))
(p19d20mY, (0, 690, 0))
(p19d21mY, (0, 440, 0))
(p19d22mY, (284, 0, 0))
(p19d23mY, (244, 0, 0))
(p19d24mY, (207, 0, 0))
(p19d25mY, (178, 0, 0))
(p19d26mY, (146, 0, 0))
(p19d3mY, (7, 5, 0))
(p19d3mH, (142, 284, 0))
(p19d3mD, (28, 78, 0))
(p19d4mY, (3, 4, 0))
(p19d4mH, (114, 290, 0))
(p19d4mD, (34, 72, 0))
(p19d5mD, (32, 63, 0))
(p19d5mH, (137, 345, 0))
(p19d5mY, (9, 3, 0))
(p19d6mH, (129, 338, 0))
(p19d6mD, (32, 66, 0))
(p19d6mY, (4, 4, 0))
(p19d7mD, (27, 53, 0))
(p19d7mH, (139, 340, 0))
(p19d7mY, (10, 2, 0))
(p19d8mY, (7, 3, 0))
(p19d8mD, (48, 75, 0))
(p19d8mH, (102, 311, 0))
(p19d9mH, (136, 302, 0))
(p19d9mD, (30, 54, 0))
(p19d9mY, (7, 3, 0))
(p2d10mS, (7, 67, 0))
(p2d10mH, (41, 0, 0))
(p2d10mD, (40, 0, 0))
(p2d11mH, (11, 0, 0))
(p2d11mS, (4, 22, 0))
(p2d11mD, (9, 0, 0))
(p2d17mY, (0, 20, 0))
(p2d18mY, (0, 15, 0))
(p2d19mY, (0, 11, 0))
(p2d2mH, (13, 0, 0))
(p2d2mS, (2, 16, 0))
(p2d2mD, (6, 0, 0))
(p2d20mY, (0, 16, 0))
(p2d21mY, (0, 11, 0))
(p2d22mY, (12, 0, 0))
(p2d23mY, (10, 0, 0))
(p2d24mY, (7, 0, 0))
(p2d25mY, (3, 0, 0))
(p2d26mY, (7, 0, 0))
(p2d3mS, (9, 11, 0))
(p2d3mD, (10, 0, 0))
(p2d3mH, (6, 0, 0))
(p2d4mS, (5, 11, 0))
(p2d4mD, (9, 0, 0))
(p2d4mH, (6, 0, 0))
(p2d5mH, (10, 0, 0))
(p2d5mS, (14, 12, 0))
(p2d5mD, (15, 0, 0))
(p2d6mH, (7, 0, 0))
(p2d6mS, (6, 4, 0))
(p2d6mD, (6, 0, 0))
(p2d7mS, (5, 11, 0))
(p2d7mH, (5, 0, 0))
(p2d7mD, (11, 0, 0))
(p2d8mH, (8, 0, 0))
(p2d8mS, (8, 12, 0))
(p2d8mD, (9, 0, 0))
(p2d9mS, (0, 16, 0))
(p2d9mD, (8, 0, 0))
(p2d9mH, (6, 0, 0))
(p20d10mS, (211, 927, 0))
(p20d10mY, (44, 26, 0))
(p20d10mH, (572, 1518, 0))
(p20d10mD, (177, 561, 0))
(p20d11mD, (44, 139, 0))
(p20d11mH, (119, 366, 0))
(p20d11mS, (35, 245, 0))
(p20d11mY, (8, 9, 0))
(p20d17mY, (710, 0, 0))
(p20d18mY, (684, 0, 0))
(p20d19mY, (670, 0, 0))
(p20d2mS, (71, 167, 0))
(p20d2mD, (40, 143, 0))
(p20d2mH, (121, 374, 0))
(p20d2mY, (5, 3, 0))
(p20d20mY, (2, 946, 0))
(p20d21mY, (0, 626, 0))
(p20d22mY, (378, 0, 0))
(p20d23mY, (359, 0, 0))
(p20d24mY, (298, 0, 0))
(p20d25mY, (229, 0, 0))
(p20d26mY, (194, 0, 0))
(p20d3mH, (157, 358, 0))
(p20d3mD, (59, 141, 0))
(p20d3mS, (78, 234, 0))
(p20d3mY, (15, 3, 0))
(p20d4mY, (14, 4, 0))
(p20d4mS, (88, 208, 0))
(p20d4mH, (140, 355, 0))
(p20d4mD, (45, 129, 0))
(p20d5mY, (12, 3, 0))
(p20d5mH, (146, 396, 0))
(p20d5mD, (47, 130, 0))
(p20d5mS, (75, 187, 0))
(p20d6mD, (48, 127, 0))
(p20d6mH, (139, 352, 0))
(p20d6mS, (93, 239, 0))
(p20d6mY, (15, 5, 0))
(p20d7mD, (42, 116, 0))
(p20d7mH, (143, 353, 0))
(p20d7mS, (87, 209, 0))
(p20d7mY, (15, 2, 0))
(p20d8mY, (15, 4, 0))
(p20d8mS, (67, 245, 0))
(p20d8mH, (163, 329, 0))
(p20d8mD, (44, 133, 0))
(p20d9mD, (29, 147, 0))
(p20d9mH, (126, 347, 0))
(p20d9mS, (78, 196, 0))
(p20d9mY, (19, 2, 0))
(p21d10mY, (41, 9, 0))
(p21d10mD, (320, 0, 0))
(p21d10mH, (832, 1084, 0))
(p21d11mD, (68, 0, 0))
(p21d11mH, (191, 274, 0))
(p21d11mY, (6, 3, 0))
(p21d17mY, (599, 0, 0))
(p21d18mY, (587, 0, 0))
(p21d19mY, (557, 0, 0))
(p21d2mH, (194, 283, 0))
(p21d2mD, (85, 0, 0))
(p21d2mY, (9, 4, 0))
(p21d20mY, (781, 0, 0))
(p21d21mY, (0, 551, 0))
(p21d22mY, (270, 0, 0))
(p21d23mY, (284, 0, 0))
(p21d24mY, (264, 0, 0))
(p21d25mY, (218, 0, 0))
(p21d26mY, (156, 0, 0))
(p21d3mY, (6, 3, 0))
(p21d3mD, (81, 0, 0))
(p21d3mH, (220, 268, 0))
(p21d4mY, (16, 0, 0))
(p21d4mH, (188, 261, 0))
(p21d4mD, (80, 0, 0))
(p21d5mH, (218, 283, 0))
(p21d5mD, (69, 0, 0))
(p21d5mY, (11, 1, 0))
(p21d6mY, (15, 0, 0))
(p21d6mD, (77, 0, 0))
(p21d6mH, (213, 303, 0))
(p21d7mY, (21, 2, 0))
(p21d7mD, (86, 0, 0))
(p21d7mH, (216, 292, 0))
(p21d8mY, (11, 2, 0))
(p21d8mD, (61, 0, 0))
(p21d8mH, (208, 298, 0))
(p21d9mY, (11, 1, 0))
(p21d9mH, (220, 266, 0))
(p21d9mD, (66, 0, 0))
(p22d10mY, (0, 66, 0))
(p22d11mY, (0, 21, 0))
(p22d17mY, (0, 891, 0))
(p22d18mY, (0, 855, 0))
(p22d19mY, (0, 876, 0))
(p22d2mY, (0, 14, 0))
(p22d20mY, (0, 1160, 0))
(p22d21mY, (0, 781, 0))
(p22d22mY, (0, 482, 0))
(p22d23mY, (0, 426, 0))
(p22d24mY, (0, 368, 0))
(p22d25mY, (1, 297, 0))
(p22d26mY, (0, 244, 0))
(p22d3mY, (0, 17, 0))
(p22d4mY, (0, 20, 0))
(p22d5mY, (0, 18, 0))
(p22d6mY, (0, 21, 0))
(p22d7mY, (0, 18, 0))
(p22d8mY, (0, 15, 0))
(p22d9mY, (0, 24, 0))
(p23d10mY, (0, 76, 0))
(p23d11mY, (0, 14, 0))
(p23d17mY, (0, 886, 0))
(p23d18mY, (0, 806, 0))
(p23d19mY, (0, 785, 0))
(p23d2mY, (0, 18, 0))
(p23d20mY, (0, 1089, 0))
(p23d21mY, (0, 662, 0))
(p23d22mY, (0, 441, 0))
(p23d23mY, (0, 398, 0))
(p23d24mY, (0, 306, 0))
(p23d25mY, (0, 307, 0))
(p23d26mY, (0, 205, 0))
(p23d3mY, (0, 22, 0))
(p23d4mY, (0, 22, 0))
(p23d5mY, (0, 17, 0))
(p23d6mY, (0, 17, 0))
(p23d7mY, (0, 13, 0))
(p23d8mY, (0, 25, 0))
(p23d9mY, (0, 14, 0))
(p24d10mY, (0, 72, 0))
(p24d11mY, (0, 21, 0))
(p24d17mY, (0, 735, 0))
(p24d18mY, (0, 767, 0))
(p24d19mY, (0, 732, 0))
(p24d2mY, (0, 14, 0))
(p24d20mY, (0, 954, 0))
(p24d21mY, (0, 645, 0))
(p24d22mY, (1, 430, 0))
(p24d23mY, (0, 324, 0))
(p24d24mY, (0, 294, 0))
(p24d25mY, (0, 267, 0))
(p24d26mY, (0, 184, 0))
(p24d3mY, (0, 13, 0))
(p24d4mY, (0, 11, 0))
(p24d5mY, (0, 14, 0))
(p24d6mY, (0, 16, 0))
(p24d7mY, (0, 20, 0))
(p24d8mY, (0, 21, 0))
(p24d9mY, (0, 16, 0))
(p25d10mY, (0, 51, 0))
(p25d11mY, (0, 12, 0))
(p25d17mY, (0, 699, 0))
(p25d18mY, (0, 668, 0))
(p25d19mY, (0, 594, 0))
(p25d2mY, (0, 13, 0))
(p25d20mY, (0, 874, 0))
(p25d21mY, (0, 535, 0))
(p25d22mY, (0, 321, 0))
(p25d23mY, (0, 313, 0))
(p25d24mY, (0, 259, 0))
(p25d25mY, (0, 229, 0))
(p25d26mY, (0, 158, 0))
(p25d3mY, (0, 14, 0))
(p25d4mY, (0, 11, 0))
(p25d5mY, (0, 20, 0))
(p25d6mY, (0, 20, 0))
(p25d7mY, (0, 8, 0))
(p25d8mY, (0, 16, 0))
(p25d9mY, (0, 7, 0))
(p26d10mY, (0, 51, 0))
(p26d11mY, (0, 12, 0))
(p26d17mY, (0, 639, 0))
(p26d18mY, (0, 599, 0))
(p26d19mY, (0, 569, 0))
(p26d2mY, (0, 10, 0))
(p26d20mY, (0, 805, 0))
(p26d21mY, (0, 517, 0))
(p26d22mY, (0, 312, 0))
(p26d23mY, (0, 292, 0))
(p26d24mY, (0, 248, 0))
(p26d25mY, (1, 194, 0))
(p26d26mY, (0, 179, 0))
(p26d3mY, (0, 17, 0))
(p26d4mY, (0, 11, 0))
(p26d5mY, (0, 11, 0))
(p26d6mY, (0, 13, 0))
(p26d7mY, (0, 9, 0))
(p26d8mY, (0, 16, 0))
(p26d9mY, (0, 11, 0))
(p27d10mY, (0, 42, 0))
(p27d11mY, (0, 12, 0))
(p27d17mY, (0, 540, 0))
(p27d18mY, (0, 505, 0))
(p27d19mY, (1, 524, 0))
(p27d2mY, (0, 10, 0))
(p27d20mY, (0, 681, 0))
(p27d21mY, (0, 470, 0))
(p27d22mY, (0, 278, 0))
(p27d23mY, (0, 232, 0))
(p27d24mY, (0, 224, 0))
(p27d25mY, (0, 182, 0))
(p27d26mY, (0, 122, 0))
(p27d3mY, (0, 10, 0))
(p27d4mY, (0, 16, 0))
(p27d5mY, (0, 14, 0))
(p27d6mY, (0, 15, 0))
(p27d7mY, (0, 17, 0))
(p27d8mY, (0, 14, 0))
(p27d9mY, (0, 10, 0))
(p28d10mY, (0, 47, 0))
(p28d11mY, (0, 9, 0))
(p28d17mY, (1, 476, 0))
(p28d18mY, (0, 445, 0))
(p28d19mY, (0, 402, 0))
(p28d2mY, (0, 9, 0))
(p28d20mY, (0, 603, 0))
(p28d21mY, (0, 367, 0))
(p28d22mY, (0, 252, 0))
(p28d23mY, (0, 191, 0))
(p28d24mY, (0, 189, 0))
(p28d25mY, (0, 137, 0))
(p28d26mY, (0, 137, 0))
(p28d3mY, (0, 12, 0))
(p28d4mY, (0, 9, 0))
(p28d5mY, (0, 8, 0))
(p28d6mY, (0, 14, 0))
(p28d7mY, (0, 8, 0))
(p28d8mY, (0, 10, 0))
(p28d9mY, (0, 15, 0))
(p29d10mY, (0, 53, 0))
(p29d11mY, (0, 10, 0))
(p29d17mY, (0, 371, 0))
(p29d18mY, (0, 362, 0))
(p29d19mY, (0, 370, 0))
(p29d2mY, (0, 9, 0))
(p29d20mY, (0, 490, 0))
(p29d21mY, (0, 305, 0))
(p29d22mY, (0, 201, 0))
(p29d23mY, (0, 182, 0))
(p29d24mY, (0, 144, 0))
(p29d25mY, (0, 109, 0))
(p29d26mY, (0, 112, 0))
(p29d3mY, (0, 8, 0))
(p29d4mY, (0, 7, 0))
(p29d5mY, (0, 6, 0))
(p29d6mY, (0, 6, 0))
(p29d7mY, (0, 10, 0))
(p29d8mY, (0, 5, 0))
(p29d9mY, (0, 13, 0))
(p3d10mD, (1, 0, 0))
(p3d10mH, (2, 0, 0))
(p3d11mH, (2, 0, 0))
(p3d19mY, (0, 1, 0))
(p3d24mY, (1, 0, 0))
(p3d25mY, (1, 0, 0))
(p3d3mY, (0, 1, 0))
(p3d3mH, (2, 0, 0))
(p3d4mH, (1, 0, 0))
(p3d4mD, (1, 0, 0))
(p3d5mH, (2, 0, 0))
(p3d7mH, (2, 0, 0))
(p3d9mH, (1, 0, 0))
(p30d10mY, (0, 42, 0))
(p30d11mY, (0, 9, 0))
(p30d17mY, (0, 372, 0))
(p30d18mY, (0, 339, 0))
(p30d19mY, (0, 326, 0))
(p30d2mY, (0, 8, 0))
(p30d20mY, (0, 461, 0))
(p30d21mY, (0, 312, 0))
(p30d22mY, (0, 181, 0))
(p30d23mY, (0, 192, 0))
(p30d24mY, (0, 152, 0))
(p30d25mY, (0, 118, 0))
(p30d26mY, (0, 98, 0))
(p30d3mY, (0, 16, 0))
(p30d4mY, (0, 16, 0))
(p30d5mY, (0, 9, 0))
(p30d6mY, (0, 16, 0))
(p30d7mY, (0, 14, 0))
(p30d8mY, (0, 11, 0))
(p30d9mY, (0, 9, 0))
(p31d10mY, (0, 12, 0))
(p31d11mY, (0, 3, 0))
(p31d17mY, (0, 160, 0))
(p31d18mY, (0, 152, 0))
(p31d19mY, (0, 139, 0))
(p31d2mY, (0, 4, 0))
(p31d20mY, (0, 196, 0))
(p31d21mY, (0, 140, 0))
(p31d22mY, (1, 85, 0))
(p31d23mY, (0, 73, 0))
(p31d24mY, (0, 68, 0))
(p31d25mY, (0, 46, 0))
(p31d26mY, (0, 47, 0))
(p31d3mY, (0, 4, 0))
(p31d4mY, (0, 4, 0))
(p31d5mY, (0, 2, 0))
(p31d6mY, (0, 2, 0))
(p31d7mY, (0, 2, 0))
(p31d8mY, (0, 5, 0))
(p31d9mY, (0, 2, 0))
(p4d10mD, (39, 0, 0))
(p4d10mH, (56, 0, 0))
(p4d10mS, (6, 68, 0))
(p4d10mY, (0, 2, 0))
(p4d11mY, (0, 1, 0))
(p4d11mH, (8, 0, 0))
(p4d11mS, (2, 22, 0))
(p4d11mD, (11, 0, 0))
(p4d17mY, (0, 34, 0))
(p4d18mY, (0, 18, 0))
(p4d19mY, (0, 25, 0))
(p4d2mD, (4, 0, 0))
(p4d2mS, (4, 12, 0))
(p4d2mH, (10, 0, 0))
(p4d20mY, (0, 32, 0))
(p4d21mY, (0, 22, 0))
(p4d22mY, (6, 0, 0))
(p4d23mY, (9, 0, 0))
(p4d24mY, (6, 0, 0))
(p4d25mY, (4, 0, 0))
(p4d26mY, (5, 0, 0))
(p4d3mD, (9, 0, 0))
(p4d3mH, (13, 0, 0))
(p4d3mY, (0, 2, 0))
(p4d3mS, (9, 5, 0))
(p4d4mS, (6, 14, 0))
(p4d4mH, (13, 0, 0))
(p4d4mD, (4, 0, 0))
(p4d5mS, (5, 9, 0))
(p4d5mY, (1, 1, 0))
(p4d5mH, (11, 0, 0))
(p4d5mD, (11, 0, 0))
(p4d6mS, (4, 10, 0))
(p4d6mD, (10, 0, 0))
(p4d6mH, (11, 0, 0))
(p4d7mD, (10, 0, 0))
(p4d7mH, (17, 0, 0))
(p4d7mS, (9, 15, 0))
(p4d8mS, (5, 17, 0))
(p4d8mD, (11, 0, 0))
(p4d8mH, (12, 0, 0))
(p4d9mH, (10, 0, 0))
(p4d9mS, (0, 10, 0))
(p4d9mD, (12, 0, 0))
(p5d10mD, (85, 0, 0))
(p5d10mH, (137, 0, 0))
(p5d10mY, (0, 2, 0))
(p5d11mH, (49, 0, 0))
(p5d11mD, (19, 0, 0))
(p5d11mY, (0, 1, 0))
(p5d17mY, (0, 37, 0))
(p5d18mY, (0, 52, 0))
(p5d19mY, (0, 34, 0))
(p5d2mH, (38, 0, 0))
(p5d2mD, (13, 0, 0))
(p5d20mY, (0, 42, 0))
(p5d21mY, (0, 33, 0))
(p5d22mY, (20, 0, 0))
(p5d23mY, (18, 0, 0))
(p5d24mY, (12, 0, 0))
(p5d25mY, (13, 0, 0))
(p5d26mY, (15, 0, 0))
(p5d3mH, (43, 0, 0))
(p5d3mD, (23, 0, 0))
(p5d4mD, (20, 0, 0))
(p5d4mH, (44, 0, 0))
(p5d5mD, (20, 0, 0))
(p5d5mH, (41, 0, 0))
(p5d6mH, (38, 0, 0))
(p5d6mD, (25, 0, 0))
(p5d7mH, (45, 0, 0))
(p5d7mD, (16, 0, 0))
(p5d7mY, (1, 1, 0))
(p5d8mD, (16, 0, 0))
(p5d8mH, (45, 0, 0))
(p5d9mH, (47, 0, 0))
(p5d9mD, (17, 0, 0))
(p6d10mH, (198, 0, 0))
(p6d10mD, (119, 0, 0))
(p6d10mS, (19, 55, 0))
(p6d10mY, (2, 1, 0))
(p6d11mY, (0, 1, 0))
(p6d11mH, (46, 0, 0))
(p6d11mD, (23, 0, 0))
(p6d11mS, (4, 12, 0))
(p6d17mY, (0, 58, 0))
(p6d18mY, (0, 61, 0))
(p6d19mY, (0, 51, 0))
(p6d2mD, (25, 0, 0))
(p6d2mS, (0, 4, 0))
(p6d2mH, (50, 0, 0))
(p6d20mY, (0, 80, 0))
(p6d21mY, (0, 51, 0))
(p6d22mY, (28, 0, 0))
(p6d23mY, (23, 0, 0))
(p6d24mY, (14, 0, 0))
(p6d25mY, (9, 0, 0))
(p6d26mY, (24, 0, 0))
(p6d3mH, (57, 0, 0))
(p6d3mD, (29, 0, 0))
(p6d3mS, (1, 11, 0))
(p6d4mS, (8, 12, 0))
(p6d4mH, (40, 0, 0))
(p6d4mY, (2, 0, 0))
(p6d4mD, (27, 0, 0))
(p6d5mH, (52, 0, 0))
(p6d5mD, (35, 0, 0))
(p6d5mY, (0, 1, 0))
(p6d5mS, (4, 2, 0))
(p6d6mS, (5, 7, 0))
(p6d6mH, (61, 0, 0))
(p6d6mD, (26, 0, 0))
(p6d7mD, (26, 0, 0))
(p6d7mH, (50, 0, 0))
(p6d7mS, (1, 11, 0))
(p6d8mD, (28, 0, 0))
(p6d8mS, (1, 19, 0))
(p6d8mH, (65, 0, 0))
(p6d8mY, (1, 1, 0))
(p6d9mD, (23, 0, 0))
(p6d9mS, (8, 18, 0))
(p6d9mH, (55, 0, 0))
(p7d10mY, (2, 7, 0))
(p7d10mH, (314, 0, 0))
(p7d10mD, (157, 0, 0))
(p7d11mY, (0, 2, 0))
(p7d11mD, (43, 0, 0))
(p7d11mH, (90, 0, 0))
(p7d17mY, (0, 87, 0))
(p7d18mY, (0, 84, 0))
(p7d19mY, (0, 75, 0))
(p7d2mH, (72, 0, 0))
(p7d2mY, (1, 1, 0))
(p7d2mD, (32, 0, 0))
(p7d20mY, (0, 96, 0))
(p7d21mY, (0, 75, 0))
(p7d22mY, (53, 0, 0))
(p7d23mY, (37, 0, 0))
(p7d24mY, (35, 0, 0))
(p7d25mY, (33, 0, 0))
(p7d26mY, (20, 0, 0))
(p7d3mH, (76, 0, 0))
(p7d3mD, (32, 0, 0))
(p7d4mH, (96, 0, 0))
(p7d4mD, (44, 0, 0))
(p7d5mH, (89, 0, 0))
(p7d5mD, (34, 0, 0))
(p7d6mY, (0, 1, 0))
(p7d6mH, (71, 0, 0))
(p7d6mD, (48, 0, 0))
(p7d7mD, (37, 0, 0))
(p7d7mH, (86, 0, 0))
(p7d8mH, (75, 0, 0))
(p7d8mY, (0, 1, 0))
(p7d8mD, (41, 0, 0))
(p7d9mD, (46, 0, 0))
(p7d9mH, (87, 0, 0))
(p8d10mS, (13, 71, 0))
(p8d10mD, (213, 0, 0))
(p8d10mH, (408, 0, 0))
(p8d10mY, (2, 7, 0))
(p8d11mD, (44, 0, 0))
(p8d11mH, (109, 0, 0))
(p8d11mS, (2, 20, 0))
(p8d11mY, (0, 4, 0))
(p8d17mY, (0, 96, 0))
(p8d18mY, (0, 121, 0))
(p8d19mY, (0, 104, 0))
(p8d2mY, (0, 1, 0))
(p8d2mS, (7, 9, 0))
(p8d2mH, (101, 0, 0))
(p8d2mD, (37, 0, 0))
(p8d20mY, (0, 123, 0))
(p8d21mY, (0, 93, 0))
(p8d22mY, (51, 0, 0))
(p8d23mY, (48, 0, 0))
(p8d24mY, (38, 0, 0))
(p8d25mY, (37, 0, 0))
(p8d26mY, (24, 0, 0))
(p8d3mH, (105, 0, 0))
(p8d3mD, (42, 0, 0))
(p8d3mS, (10, 20, 0))
(p8d4mD, (43, 0, 0))
(p8d4mH, (93, 0, 0))
(p8d4mS, (4, 8, 0))
(p8d4mY, (1, 0, 0))
(p8d5mH, (101, 0, 0))
(p8d5mD, (55, 0, 0))
(p8d5mS, (6, 14, 0))
(p8d6mD, (50, 0, 0))
(p8d6mH, (103, 0, 0))
(p8d6mS, (0, 16, 0))
(p8d7mH, (87, 0, 0))
(p8d7mD, (38, 0, 0))
(p8d7mY, (1, 2, 0))
(p8d7mS, (1, 11, 0))
(p8d8mY, (0, 1, 0))
(p8d8mS, (4, 4, 0))
(p8d8mH, (88, 0, 0))
(p8d8mD, (50, 0, 0))
(p8d9mY, (0, 1, 0))
(p8d9mS, (1, 9, 0))
(p8d9mH, (93, 0, 0))
(p8d9mD, (40, 0, 0))
(p9d10mY, (0, 3, 0))
(p9d10mD, (222, 0, 0))
(p9d10mH, (528, 0, 0))
(p9d11mH, (128, 0, 0))
(p9d11mY, (1, 1, 0))
(p9d11mD, (56, 0, 0))
(p9d17mY, (0, 169, 0))
(p9d18mY, (0, 153, 0))
(p9d19mY, (0, 113, 0))
(p9d2mH, (131, 0, 0))
(p9d2mD, (60, 0, 0))
(p9d2mY, (0, 1, 0))
(p9d20mY, (0, 145, 0))
(p9d21mY, (0, 116, 0))
(p9d22mY, (73, 0, 0))
(p9d23mY, (68, 0, 0))
(p9d24mY, (49, 0, 0))
(p9d25mY, (54, 0, 0))
(p9d26mY, (24, 0, 0))
(p9d3mY, (1, 2, 0))
(p9d3mD, (41, 0, 0))
(p9d3mH, (115, 0, 0))
(p9d4mD, (63, 0, 0))
(p9d4mH, (120, 0, 0))
(p9d4mY, (0, 2, 0))
(p9d5mY, (2, 1, 0))
(p9d5mH, (124, 0, 0))
(p9d5mD, (54, 0, 0))
(p9d6mD, (46, 0, 0))
(p9d6mH, (127, 0, 0))
(p9d6mY, (0, 1, 0))
(p9d7mH, (123, 0, 0))
(p9d7mD, (45, 0, 0))
(p9d7mY, (0, 1, 0))
(p9d8mD, (66, 0, 0))
(p9d8mH, (139, 0, 0))
(p9d9mD, (53, 0, 0))
(p9d9mH, (131, 0, 0))
(p9d9mY, (2, 2, 0))
