(p10d10mH, (12671, 0, 0))
(p10d10mD, (5805, 0, 0))
(p10d10mY, (39, 127, 0))
(p10d10mS, (256, 1344, 0))
(p10d11mY, (8, 31, 0))
(p10d11mH, (3079, 0, 0))
(p10d11mS, (40, 304, 0))
(p10d11mD, (1427, 0, 0))
(p10d17mY, (1, 3429, 0))
(p10d18mY, (0, 3369, 0))
(p10d19mY, (0, 3210, 0))
(p10d2mD, (1399, 0, 0))
(p10d2mH, (2958, 0, 0))
(p10d2mS, (100, 254, 0))
(p10d2mY, (7, 27, 0))
(p10d20mY, (0, 4355, 0))
(p10d21mY, (0, 2892, 0))
(p10d22mY, (1791, 0, 0))
(p10d23mY, (1557, 0, 0))
(p10d24mY, (1368, 0, 0))
(p10d25mY, (1200, 0, 0))
(p10d26mY, (966, 0, 0))
(p10d3mD, (1375, 0, 0))
(p10d3mH, (3057, 0, 0))
(p10d3mS, (115, 249, 0))
(p10d3mY, (10, 21, 0))
(p10d4mH, (3188, 0, 0))
(p10d4mD, (1407, 0, 0))
(p10d4mY, (15, 31, 0))
(p10d4mS, (120, 282, 0))
(p10d5mY, (14, 23, 0))
(p10d5mD, (1354, 0, 0))
(p10d5mH, (3074, 0, 0))
(p10d5mS, (124, 266, 0))
(p10d6mH, (3096, 0, 0))
(p10d6mY, (17, 20, 0))
(p10d6mS, (145, 295, 0))
(p10d6mD, (1472, 0, 0))
(p10d7mD, (1415, 0, 0))
(p10d7mH, (3038, 0, 0))
(p10d7mS, (88, 282, 0))
(p10d7mY, (17, 38, 0))
(p10d8mD, (1426, 0, 0))
(p10d8mH, (3210, 0, 0))
(p10d8mY, (10, 30, 0))
(p10d8mS, (77, 315, 0))
(p10d9mD, (1373, 0, 0))
(p10d9mS, (65, 285, 0))
(p10d9mH, (3094, 0, 0))
(p10d9mY, (13, 38, 0))
(p11d10mY, (49, 205, 0))
(p11d10mH, (16070, 0, 0))
(p11d10mD, (6719, 0, 0))
(p11d11mH, (3865, 0, 0))
(p11d11mD, (1678, 0, 0))
(p11d11mY, (12, 46, 0))
(p11d17mY, (2, 4224, 0))
(p11d18mY, (0, 3918, 0))
(p11d19mY, (0, 3955, 0))
(p11d2mD, (1647, 0, 0))
(p11d2mH, (3951, 0, 0))
(p11d2mY, (22, 45, 0))
(p11d20mY, (0, 5159, 0))
(p11d21mY, (0, 3470, 0))
(p11d22mY, (2157, 0, 0))
(p11d23mY, (1886, 0, 0))
(p11d24mY, (1647, 0, 0))
(p11d25mY, (1398, 0, 0))
(p11d26mY, (1145, 0, 0))
(p11d3mD, (1633, 0, 0))
(p11d3mY, (26, 34, 0))
(p11d3mH, (3845, 0, 0))
(p11d4mD, (1641, 0, 0))
(p11d4mH, (3885, 0, 0))
(p11d4mY, (20, 31, 0))
(p11d5mH, (4013, 0, 0))
(p11d5mD, (1664, 0, 0))
(p11d5mY, (29, 33, 0))
(p11d6mD, (1677, 0, 0))
(p11d6mH, (3919, 0, 0))
(p11d6mY, (23, 32, 0))
(p11d7mH, (3861, 0, 0))
(p11d7mD, (1674, 0, 0))
(p11d7mY, (21, 45, 0))
(p11d8mD, (1626, 0, 0))
(p11d8mH, (4005, 0, 0))
(p11d8mY, (18, 41, 0))
(p11d9mY, (12, 49, 0))
(p11d9mD, (1736, 0, 0))
(p11d9mH, (3967, 0, 0))
(p12d10mS, (281, 1303, 0))
(p12d10mY, (149, 426, 0))
(p12d10mD, (8984, 3616, 0))
(p12d10mH, (22344, 9207, 0))
(p12d11mD, (2199, 910, 0))
(p12d11mS, (46, 336, 0))
(p12d11mY, (27, 130, 0))
(p12d11mH, (5520, 2156, 0))
(p12d17mY, (1, 8974, 0))
(p12d18mY, (3, 8409, 0))
(p12d19mY, (2, 8274, 0))
(p12d2mS, (107, 317, 0))
(p12d2mH, (5467, 2256, 0))
(p12d2mD, (2190, 896, 0))
(p12d2mY, (52, 84, 0))
(p12d20mY, (1, 11117, 0))
(p12d21mY, (0, 7293, 0))
(p12d22mY, (4445, 0, 0))
(p12d23mY, (3912, 0, 0))
(p12d24mY, (3355, 0, 0))
(p12d25mY, (3018, 0, 0))
(p12d26mY, (2403, 0, 0))
(p12d3mH, (5509, 2262, 0))
(p12d3mD, (2231, 902, 0))
(p12d3mS, (111, 313, 0))
(p12d3mY, (45, 82, 0))
(p12d4mY, (54, 78, 0))
(p12d4mS, (109, 311, 0))
(p12d4mH, (5553, 2211, 0))
(p12d4mD, (2229, 879, 0))
(p12d5mS, (101, 247, 0))
(p12d5mD, (2210, 889, 0))
(p12d5mH, (5457, 2266, 0))
(p12d5mY, (61, 75, 0))
(p12d6mS, (90, 226, 0))
(p12d6mY, (55, 73, 0))
(p12d6mH, (5515, 2313, 0))
(p12d6mD, (2207, 882, 0))
(p12d7mS, (85, 299, 0))
(p12d7mY, (43, 120, 0))
(p12d7mD, (2198, 904, 0))
(p12d7mH, (5609, 2243, 0))
(p12d8mY, (37, 111, 0))
(p12d8mH, (5444, 2355, 0))
(p12d8mD, (2253, 962, 0))
(p12d8mS, (85, 315, 0))
(p12d9mH, (5508, 2254, 0))
(p12d9mY, (40, 95, 0))
(p12d9mD, (2107, 937, 0))
(p12d9mS, (73, 303, 0))
(p13d10mY, (152, 502, 0))
(p13d10mD, (9287, 4289, 0))
(p13d10mH, (24041, 11899, 0))
(p13d11mD, (2273, 1101, 0))
(p13d11mH, (5913, 3063, 0))
(p13d11mY, (21, 136, 0))
(p13d17mY, (9, 10266, 0))
(p13d18mY, (2, 9638, 0))
(p13d19mY, (0, 9407, 0))
(p13d2mY, (63, 104, 0))
(p13d2mD, (2316, 1084, 0))
(p13d2mH, (5792, 2982, 0))
(p13d20mY, (0, 12569, 0))
(p13d21mY, (0, 8320, 0))
(p13d22mY, (5247, 0, 0))
(p13d23mY, (4565, 0, 0))
(p13d24mY, (3916, 0, 0))
(p13d25mY, (3489, 0, 0))
(p13d26mY, (2732, 0, 0))
(p13d3mY, (70, 90, 0))
(p13d3mD, (2287, 1085, 0))
(p13d3mH, (5959, 2913, 0))
(p13d4mY, (59, 94, 0))
(p13d4mH, (5910, 3072, 0))
(p13d4mD, (2293, 1004, 0))
(p13d5mD, (2238, 1067, 0))
(p13d5mY, (58, 75, 0))
(p13d5mH, (5965, 3032, 0))
(p13d6mH, (6055, 2998, 0))
(p13d6mD, (2297, 1062, 0))
(p13d6mY, (66, 71, 0))
(p13d7mD, (2366, 1040, 0))
(p13d7mH, (5961, 3071, 0))
(p13d7mY, (36, 110, 0))
(p13d8mD, (2264, 1050, 0))
(p13d8mH, (6076, 2946, 0))
(p13d8mY, (40, 122, 0))
(p13d9mY, (34, 100, 0))
(p13d9mH, (6029, 2857, 0))
(p13d9mD, (2176, 1063, 0))
(p14d10mS, (270, 1300, 0))
(p14d10mY, (154, 500, 0))
(p14d10mD, (7777, 4701, 0))
(p14d10mH, (21422, 14001, 0))
(p14d11mS, (45, 321, 0))
(p14d11mY, (20, 131, 0))
(p14d11mD, (1837, 1190, 0))
(p14d11mH, (5294, 3527, 0))
(p14d17mY, (1, 10720, 0))
(p14d18mY, (5, 10229, 0))
(p14d19mY, (1, 9679, 0))
(p14d2mY, (45, 104, 0))
(p14d2mS, (74, 272, 0))
(p14d2mH, (5412, 3525, 0))
(p14d2mD, (1970, 1200, 0))
(p14d20mY, (2, 13147, 0))
(p14d21mY, (0, 8551, 0))
(p14d22mY, (5024, 0, 0))
(p14d23mY, (4758, 0, 0))
(p14d24mY, (4141, 0, 0))
(p14d25mY, (3493, 0, 0))
(p14d26mY, (2848, 0, 0))
(p14d3mS, (83, 275, 0))
(p14d3mD, (1988, 1138, 0))
(p14d3mH, (5217, 3503, 0))
(p14d3mY, (55, 96, 0))
(p14d4mS, (82, 286, 0))
(p14d4mH, (5186, 3267, 0))
(p14d4mY, (66, 79, 0))
(p14d4mD, (2001, 1178, 0))
(p14d5mD, (1928, 1132, 0))
(p14d5mS, (84, 260, 0))
(p14d5mH, (5311, 3532, 0))
(p14d5mY, (69, 92, 0))
(p14d6mY, (89, 83, 0))
(p14d6mD, (1944, 1188, 0))
(p14d6mS, (107, 271, 0))
(p14d6mH, (5214, 3646, 0))
(p14d7mS, (75, 271, 0))
(p14d7mD, (1999, 1213, 0))
(p14d7mH, (5269, 3461, 0))
(p14d7mY, (50, 105, 0))
(p14d8mS, (79, 319, 0))
(p14d8mD, (1960, 1222, 0))
(p14d8mH, (5372, 3527, 0))
(p14d8mY, (32, 133, 0))
(p14d9mH, (5314, 3468, 0))
(p14d9mD, (1916, 1115, 0))
(p14d9mY, (41, 121, 0))
(p14d9mS, (77, 279, 0))
(p15d10mH, (20153, 16990, 0))
(p15d10mD, (6623, 5096, 0))
(p15d10mY, (195, 562, 0))
(p15d11mD, (1656, 1261, 0))
(p15d11mH, (5106, 4302, 0))
(p15d11mY, (23, 138, 0))
(p15d17mY, (4, 11008, 0))
(p15d18mY, (1, 10262, 0))
(p15d19mY, (5, 10140, 0))
(p15d2mD, (1623, 1293, 0))
(p15d2mH, (4934, 4276, 0))
(p15d2mY, (60, 109, 0))
(p15d20mY, (0, 13509, 0))
(p15d21mY, (0, 9070, 0))
(p15d22mY, (5573, 0, 0))
(p15d23mY, (4835, 0, 0))
(p15d24mY, (4371, 0, 0))
(p15d25mY, (3680, 0, 0))
(p15d26mY, (2921, 0, 0))
(p15d3mD, (1656, 1313, 0))
(p15d3mH, (4892, 4199, 0))
(p15d3mY, (68, 95, 0))
(p15d4mY, (65, 109, 0))
(p15d4mH, (5042, 4204, 0))
(p15d4mD, (1582, 1322, 0))
(p15d5mD, (1620, 1252, 0))
(p15d5mH, (4914, 4242, 0))
(p15d5mY, (63, 89, 0))
(p15d6mY, (81, 96, 0))
(p15d6mD, (1741, 1266, 0))
(p15d6mH, (4899, 4264, 0))
(p15d7mY, (56, 120, 0))
(p15d7mD, (1704, 1281, 0))
(p15d7mH, (4954, 4140, 0))
(p15d8mD, (1704, 1315, 0))
(p15d8mY, (43, 137, 0))
(p15d8mH, (5026, 4155, 0))
(p15d9mH, (4948, 4237, 0))
(p15d9mY, (51, 120, 0))
(p15d9mD, (1703, 1299, 0))
(p16d10mS, (286, 1270, 0))
(p16d10mH, (17297, 19063, 0))
(p16d10mD, (5620, 5432, 0))
(p16d10mY, (199, 578, 0))
(p16d11mY, (36, 165, 0))
(p16d11mD, (1385, 1326, 0))
(p16d11mH, (4214, 4741, 0))
(p16d11mS, (61, 307, 0))
(p16d17mY, (3, 11275, 0))
(p16d18mY, (0, 10936, 0))
(p16d19mY, (0, 10386, 0))
(p16d2mH, (4306, 4770, 0))
(p16d2mY, (74, 118, 0))
(p16d2mS, (97, 249, 0))
(p16d2mD, (1390, 1378, 0))
(p16d20mY, (2, 13897, 0))
(p16d21mY, (0, 9352, 0))
(p16d22mY, (5694, 0, 0))
(p16d23mY, (5370, 0, 0))
(p16d24mY, (4436, 0, 0))
(p16d25mY, (3801, 0, 0))
(p16d26mY, (3048, 0, 0))
(p16d3mD, (1422, 1341, 0))
(p16d3mH, (4411, 4830, 0))
(p16d3mS, (92, 302, 0))
(p16d3mY, (64, 115, 0))
(p16d4mD, (1398, 1337, 0))
(p16d4mH, (4386, 4705, 0))
(p16d4mS, (106, 284, 0))
(p16d4mY, (68, 105, 0))
(p16d5mD, (1362, 1370, 0))
(p16d5mH, (4367, 4691, 0))
(p16d5mS, (108, 268, 0))
(p16d5mY, (86, 84, 0))
(p16d6mH, (4378, 4811, 0))
(p16d6mD, (1392, 1227, 0))
(p16d6mS, (90, 258, 0))
(p16d6mY, (82, 98, 0))
(p16d7mY, (58, 142, 0))
(p16d7mS, (105, 317, 0))
(p16d7mH, (4370, 4827, 0))
(p16d7mD, (1466, 1379, 0))
(p16d8mD, (1359, 1378, 0))
(p16d8mH, (4441, 4903, 0))
(p16d8mS, (92, 278, 0))
(p16d8mY, (53, 135, 0))
(p16d9mS, (67, 287, 0))
(p16d9mY, (54, 130, 0))
(p16d9mH, (4318, 4753, 0))
(p16d9mD, (1408, 1283, 0))
(p17d10mY, (192, 581, 0))
(p17d10mH, (15877, 21944, 0))
(p17d10mD, (4658, 5485, 0))
(p17d11mD, (1096, 1351, 0))
(p17d11mH, (3825, 5569, 0))
(p17d11mY, (29, 166, 0))
(p17d17mY, (4, 11723, 0))
(p17d18mY, (0, 11262, 0))
(p17d19mY, (1, 10675, 0))
(p17d2mH, (4023, 5487, 0))
(p17d2mD, (1126, 1407, 0))
(p17d2mY, (71, 121, 0))
(p17d20mY, (1, 14516, 0))
(p17d21mY, (0, 9717, 0))
(p17d22mY, (5862, 0, 0))
(p17d23mY, (5163, 0, 0))
(p17d24mY, (4595, 0, 0))
(p17d25mY, (3894, 0, 0))
(p17d26mY, (3210, 0, 0))
(p17d3mY, (63, 115, 0))
(p17d3mD, (1095, 1355, 0))
(p17d3mH, (4027, 5505, 0))
(p17d4mY, (80, 137, 0))
(p17d4mH, (3890, 5685, 0))
(p17d4mD, (1218, 1360, 0))
(p17d5mH, (4086, 5535, 0))
(p17d5mD, (1180, 1388, 0))
(p17d5mY, (70, 125, 0))
(p17d6mD, (1137, 1334, 0))
(p17d6mH, (3861, 5487, 0))
(p17d6mY, (80, 96, 0))
(p17d7mY, (57, 132, 0))
(p17d7mD, (1179, 1256, 0))
(p17d7mH, (3836, 5315, 0))
(p17d8mY, (58, 130, 0))
(p17d8mD, (1183, 1357, 0))
(p17d8mH, (3996, 5545, 0))
(p17d9mY, (58, 129, 0))
(p17d9mH, (3994, 5464, 0))
(p17d9mD, (1169, 1316, 0))
(p18d10mD, (3768, 5416, 0))
(p18d10mH, (13789, 23718, 0))
(p18d10mS, (264, 1282, 0))
(p18d10mY, (251, 540, 0))
(p18d11mY, (71, 125, 0))
(p18d11mS, (62, 334, 0))
(p18d11mH, (3199, 5954, 0))
(p18d11mD, (919, 1433, 0))
(p18d17mY, (11795, 0, 0))
(p18d18mY, (5, 11282, 0))
(p18d19mY, (4, 10913, 0))
(p18d2mY, (91, 96, 0))
(p18d2mS, (108, 310, 0))
(p18d2mD, (968, 1404, 0))
(p18d2mH, (3362, 5920, 0))
(p18d20mY, (1, 14827, 0))
(p18d21mY, (0, 10007, 0))
(p18d22mY, (5911, 0, 0))
(p18d23mY, (5315, 0, 0))
(p18d24mY, (4597, 0, 0))
(p18d25mY, (3948, 0, 0))
(p18d26mY, (3257, 0, 0))
(p18d3mY, (105, 100, 0))
(p18d3mH, (3401, 6096, 0))
(p18d3mD, (942, 1386, 0))
(p18d3mS, (118, 260, 0))
(p18d4mS, (106, 252, 0))
(p18d4mY, (111, 91, 0))
(p18d4mD, (961, 1403, 0))
(p18d4mH, (3496, 6024, 0))
(p18d5mD, (967, 1411, 0))
(p18d5mY, (120, 85, 0))
(p18d5mS, (101, 237, 0))
(p18d5mH, (3361, 6039, 0))
(p18d6mD, (932, 1372, 0))
(p18d6mH, (3345, 5973, 0))
(p18d6mS, (130, 262, 0))
(p18d6mY, (121, 87, 0))
(p18d7mS, (115, 321, 0))
(p18d7mY, (122, 73, 0))
(p18d7mH, (3440, 5937, 0))
(p18d7mD, (958, 1315, 0))
(p18d8mH, (3361, 5778, 0))
(p18d8mD, (975, 1366, 0))
(p18d8mY, (99, 136, 0))
(p18d8mS, (113, 243, 0))
(p18d9mY, (58, 117, 0))
(p18d9mH, (3387, 6055, 0))
(p18d9mD, (964, 1356, 0))
(p18d9mS, (65, 277, 0))
(p19d10mD, (3096, 5298, 0))
(p19d10mH, (11834, 27121, 0))
(p19d10mY, (360, 448, 0))
(p19d11mD, (752, 1351, 0))
(p19d11mH, (2922, 6665, 0))
(p19d11mY, (111, 112, 0))
(p19d17mY, (11967, 0, 0))
(p19d18mY, (11468, 0, 0))
(p19d19mY, (4, 11161, 0))
(p19d2mY, (133, 88, 0))
(p19d2mH, (2876, 6861, 0))
(p19d2mD, (748, 1358, 0))
(p19d20mY, (1, 14984, 0))
(p19d21mY, (0, 9759, 0))
(p19d22mY, (6146, 0, 0))
(p19d23mY, (5426, 0, 0))
(p19d24mY, (4763, 0, 0))
(p19d25mY, (4066, 0, 0))
(p19d26mY, (3316, 0, 0))
(p19d3mY, (131, 62, 0))
(p19d3mH, (2954, 6838, 0))
(p19d3mD, (756, 1376, 0))
(p19d4mY, (141, 73, 0))
(p19d4mH, (2870, 6720, 0))
(p19d4mD, (769, 1291, 0))
(p19d5mD, (801, 1312, 0))
(p19d5mH, (2965, 6544, 0))
(p19d5mY, (133, 71, 0))
(p19d6mH, (2898, 6595, 0))
(p19d6mD, (723, 1306, 0))
(p19d6mY, (138, 55, 0))
(p19d7mD, (800, 1348, 0))
(p19d7mH, (3041, 6705, 0))
(p19d7mY, (145, 38, 0))
(p19d8mY, (168, 48, 0))
(p19d8mH, (2868, 6710, 0))
(p19d8mD, (732, 1345, 0))
(p19d9mH, (3006, 6546, 0))
(p19d9mD, (768, 1267, 0))
(p19d9mY, (105, 111, 0))
(p2d10mS, (347, 1301, 0))
(p2d10mH, (817, 0, 0))
(p2d10mD, (817, 0, 0))
(p2d11mS, (37, 321, 0))
(p2d11mD, (170, 0, 0))
(p2d11mH, (165, 0, 0))
(p2d17mY, (0, 356, 0))
(p2d18mY, (0, 328, 0))
(p2d19mY, (0, 332, 0))
(p2d2mH, (167, 0, 0))
(p2d2mS, (93, 251, 0))
(p2d2mD, (184, 0, 0))
(p2d20mY, (0, 450, 0))
(p2d21mY, (0, 296, 0))
(p2d22mY, (169, 0, 0))
(p2d23mY, (171, 0, 0))
(p2d24mY, (132, 0, 0))
(p2d25mY, (109, 0, 0))
(p2d26mY, (91, 0, 0))
(p2d3mS, (120, 266, 0))
(p2d3mD, (166, 0, 0))
(p2d3mH, (200, 0, 0))
(p2d4mS, (119, 237, 0))
(p2d4mD, (178, 0, 0))
(p2d4mH, (202, 0, 0))
(p2d5mH, (203, 0, 0))
(p2d5mS, (142, 256, 0))
(p2d5mD, (172, 0, 0))
(p2d6mH, (191, 0, 0))
(p2d6mS, (167, 229, 0))
(p2d6mD, (196, 0, 0))
(p2d7mS, (93, 277, 0))
(p2d7mH, (180, 0, 0))
(p2d7mD, (210, 0, 0))
(p2d8mH, (176, 0, 0))
(p2d8mS, (114, 274, 0))
(p2d8mD, (193, 0, 0))
(p2d9mS, (84, 314, 0))
(p2d9mD, (208, 0, 0))
(p2d9mH, (221, 0, 0))
(p20d10mS, (4926, 20116, 0))
(p20d10mH, (12222, 30620, 0))
(p20d10mD, (4214, 11193, 0))
(p20d10mY, (861, 639, 0))
(p20d11mD, (1033, 2889, 0))
(p20d11mH, (2998, 7620, 0))
(p20d11mS, (975, 5303, 0))
(p20d11mY, (190, 167, 0))
(p20d17mY, (16010, 0, 0))
(p20d18mY, (15344, 0, 0))
(p20d19mY, (14778, 0, 0))
(p20d2mD, (1029, 2875, 0))
(p20d2mH, (3100, 7540, 0))
(p20d2mS, (1643, 4681, 0))
(p20d2mY, (278, 90, 0))
(p20d20mY, (3, 19693, 0))
(p20d21mY, (0, 13279, 0))
(p20d22mY, (8071, 0, 0))
(p20d23mY, (7021, 0, 0))
(p20d24mY, (6313, 0, 0))
(p20d25mY, (5379, 0, 0))
(p20d26mY, (4377, 0, 0))
(p20d3mH, (3008, 7488, 0))
(p20d3mD, (1075, 2943, 0))
(p20d3mS, (1723, 4521, 0))
(p20d3mY, (303, 78, 0))
(p20d4mY, (265, 71, 0))
(p20d4mS, (1681, 4661, 0))
(p20d4mH, (3125, 7634, 0))
(p20d4mD, (1074, 2948, 0))
(p20d5mY, (289, 74, 0))
(p20d5mH, (3090, 7728, 0))
(p20d5mD, (1037, 2858, 0))
(p20d5mS, (1683, 4537, 0))
(p20d6mD, (1105, 2955, 0))
(p20d6mH, (3099, 7668, 0))
(p20d6mS, (1865, 4411, 0))
(p20d6mY, (306, 84, 0))
(p20d7mD, (1085, 2931, 0))
(p20d7mH, (3111, 7684, 0))
(p20d7mS, (1766, 4582, 0))
(p20d7mY, (341, 52, 0))
(p20d8mY, (344, 52, 0))
(p20d8mS, (1601, 4613, 0))
(p20d8mH, (2952, 7748, 0))
(p20d8mD, (1037, 2869, 0))
(p20d9mD, (1086, 2984, 0))
(p20d9mH, (3048, 7707, 0))
(p20d9mS, (1527, 4857, 0))
(p20d9mY, (323, 78, 0))
(p21d10mY, (884, 132, 0))
(p21d10mD, (6761, 0, 0))
(p21d10mH, (17381, 23565, 0))
(p21d11mD, (1612, 0, 0))
(p21d11mH, (4170, 5860, 0))
(p21d11mY, (152, 95, 0))
(p21d17mY, (13259, 0, 0))
(p21d18mY, (12696, 0, 0))
(p21d19mY, (12038, 0, 0))
(p21d2mD, (1822, 0, 0))
(p21d2mH, (4340, 5894, 0))
(p21d2mY, (243, 35, 0))
(p21d20mY, (16593, 0, 0))
(p21d21mY, (0, 10880, 0))
(p21d22mY, (6731, 0, 0))
(p21d23mY, (6022, 0, 0))
(p21d24mY, (5251, 0, 0))
(p21d25mY, (4471, 0, 0))
(p21d26mY, (3609, 0, 0))
(p21d3mH, (4249, 5990, 0))
(p21d3mY, (221, 20, 0))
(p21d3mD, (1674, 0, 0))
(p21d4mH, (4550, 5949, 0))
(p21d4mD, (1767, 0, 0))
(p21d4mY, (203, 36, 0))
(p21d5mH, (4474, 5823, 0))
(p21d5mD, (1746, 0, 0))
(p21d5mY, (216, 30, 0))
(p21d6mY, (251, 26, 0))
(p21d6mD, (1646, 0, 0))
(p21d6mH, (4289, 5970, 0))
(p21d7mY, (230, 22, 0))
(p21d7mD, (1687, 0, 0))
(p21d7mH, (4317, 5825, 0))
(p21d8mY, (233, 27, 0))
(p21d8mH, (4374, 5882, 0))
(p21d8mD, (1716, 0, 0))
(p21d9mY, (245, 14, 0))
(p21d9mH, (4355, 5953, 0))
(p21d9mD, (1739, 0, 0))
(p22d10mY, (0, 1581, 0))
(p22d11mY, (0, 370, 0))
(p22d17mY, (7, 19634, 0))
(p22d18mY, (2, 18701, 0))
(p22d19mY, (1, 17860, 0))
(p22d2mY, (0, 363, 0))
(p22d20mY, (2, 24311, 0))
(p22d21mY, (0, 16055, 0))
(p22d22mY, (2, 9683, 0))
(p22d23mY, (3, 8731, 0))
(p22d24mY, (6, 7624, 0))
(p22d25mY, (4, 6550, 0))
(p22d26mY, (1, 5299, 0))
(p22d3mY, (0, 382, 0))
(p22d4mY, (0, 381, 0))
(p22d5mY, (0, 399, 0))
(p22d6mY, (0, 431, 0))
(p22d7mY, (0, 381, 0))
(p22d8mY, (0, 389, 0))
(p22d9mY, (0, 387, 0))
(p23d10mY, (0, 1435, 0))
(p23d11mY, (0, 369, 0))
(p23d17mY, (6, 18067, 0))
(p23d18mY, (4, 17229, 0))
(p23d19mY, (1, 16567, 0))
(p23d2mY, (0, 375, 0))
(p23d20mY, (4, 22362, 0))
(p23d21mY, (0, 15077, 0))
(p23d22mY, (4, 9234, 0))
(p23d23mY, (2, 8118, 0))
(p23d24mY, (5, 7185, 0))
(p23d25mY, (3, 6041, 0))
(p23d26mY, (2, 5000, 0))
(p23d3mY, (0, 354, 0))
(p23d4mY, (0, 368, 0))
(p23d5mY, (0, 405, 0))
(p23d6mY, (0, 361, 0))
(p23d7mY, (0, 393, 0))
(p23d8mY, (0, 355, 0))
(p23d9mY, (0, 363, 0))
(p24d10mY, (0, 1393, 0))
(p24d11mY, (0, 341, 0))
(p24d17mY, (4, 16163, 0))
(p24d18mY, (3, 15645, 0))
(p24d19mY, (2, 14885, 0))
(p24d2mY, (0, 332, 0))
(p24d20mY, (0, 20182, 0))
(p24d21mY, (0, 13496, 0))
(p24d22mY, (6, 8192, 0))
(p24d23mY, (4, 7172, 0))
(p24d24mY, (2, 6360, 0))
(p24d25mY, (0, 5544, 0))
(p24d26mY, (1, 4413, 0))
(p24d3mY, (0, 321, 0))
(p24d4mY, (0, 366, 0))
(p24d5mY, (0, 346, 0))
(p24d6mY, (0, 305, 0))
(p24d7mY, (0, 333, 0))
(p24d8mY, (0, 362, 0))
(p24d9mY, (0, 371, 0))
(p25d10mY, (0, 1206, 0))
(p25d11mY, (0, 335, 0))
(p25d17mY, (1, 15010, 0))
(p25d18mY, (3, 14106, 0))
(p25d19mY, (1, 13748, 0))
(p25d2mY, (0, 297, 0))
(p25d20mY, (1, 18295, 0))
(p25d21mY, (0, 12364, 0))
(p25d22mY, (4, 7430, 0))
(p25d23mY, (4, 6548, 0))
(p25d24mY, (3, 5724, 0))
(p25d25mY, (1, 4772, 0))
(p25d26mY, (3, 3940, 0))
(p25d3mY, (0, 306, 0))
(p25d4mY, (0, 358, 0))
(p25d5mY, (0, 274, 0))
(p25d6mY, (0, 305, 0))
(p25d7mY, (0, 326, 0))
(p25d8mY, (0, 293, 0))
(p25d9mY, (0, 305, 0))
(p26d10mY, (0, 1139, 0))
(p26d11mY, (0, 291, 0))
(p26d17mY, (0, 13088, 0))
(p26d18mY, (3, 12467, 0))
(p26d19mY, (5, 11991, 0))
(p26d2mY, (0, 289, 0))
(p26d20mY, (0, 16386, 0))
(p26d21mY, (0, 10793, 0))
(p26d22mY, (0, 6577, 0))
(p26d23mY, (0, 5798, 0))
(p26d24mY, (2, 5159, 0))
(p26d25mY, (6, 4430, 0))
(p26d26mY, (4, 3550, 0))
(p26d3mY, (0, 287, 0))
(p26d4mY, (0, 297, 0))
(p26d5mY, (0, 289, 0))
(p26d6mY, (0, 285, 0))
(p26d7mY, (0, 260, 0))
(p26d8mY, (0, 283, 0))
(p26d9mY, (0, 289, 0))
(p27d10mY, (0, 1075, 0))
(p27d11mY, (0, 241, 0))
(p27d17mY, (5, 11498, 0))
(p27d18mY, (6, 11368, 0))
(p27d19mY, (1, 10776, 0))
(p27d2mY, (0, 250, 0))
(p27d20mY, (0, 14296, 0))
(p27d21mY, (0, 9545, 0))
(p27d22mY, (2, 5869, 0))
(p27d23mY, (5, 5202, 0))
(p27d24mY, (3, 4548, 0))
(p27d25mY, (2, 4005, 0))
(p27d26mY, (1, 3201, 0))
(p27d3mY, (0, 288, 0))
(p27d4mY, (0, 269, 0))
(p27d5mY, (0, 304, 0))
(p27d6mY, (0, 269, 0))
(p27d7mY, (0, 260, 0))
(p27d8mY, (0, 242, 0))
(p27d9mY, (0, 250, 0))
(p28d10mY, (0, 944, 0))
(p28d11mY, (0, 228, 0))
(p28d17mY, (3, 9852, 0))
(p28d18mY, (2, 9419, 0))
(p28d19mY, (0, 9154, 0))
(p28d2mY, (0, 232, 0))
(p28d20mY, (0, 12085, 0))
(p28d21mY, (0, 8164, 0))
(p28d22mY, (5, 4887, 0))
(p28d23mY, (3, 4542, 0))
(p28d24mY, (1, 3853, 0))
(p28d25mY, (1, 3208, 0))
(p28d26mY, (0, 2681, 0))
(p28d3mY, (0, 247, 0))
(p28d4mY, (0, 230, 0))
(p28d5mY, (0, 229, 0))
(p28d6mY, (0, 210, 0))
(p28d7mY, (0, 221, 0))
(p28d8mY, (0, 203, 0))
(p28d9mY, (0, 232, 0))
(p29d10mY, (0, 847, 0))
(p29d11mY, (0, 207, 0))
(p29d17mY, (6, 8540, 0))
(p29d18mY, (1, 8253, 0))
(p29d19mY, (0, 7708, 0))
(p29d2mY, (0, 208, 0))
(p29d20mY, (0, 10434, 0))
(p29d21mY, (0, 7023, 0))
(p29d22mY, (3, 4224, 0))
(p29d23mY, (2, 3813, 0))
(p29d24mY, (0, 3354, 0))
(p29d25mY, (1, 2783, 0))
(p29d26mY, (2, 2378, 0))
(p29d3mY, (0, 182, 0))
(p29d4mY, (0, 219, 0))
(p29d5mY, (0, 207, 0))
(p29d6mY, (0, 217, 0))
(p29d7mY, (0, 221, 0))
(p29d8mY, (0, 195, 0))
(p29d9mY, (0, 174, 0))
(p3d10mD, (32, 0, 0))
(p3d10mH, (47, 0, 0))
(p3d10mY, (3, 12, 0))
(p3d11mY, (0, 7, 0))
(p3d11mD, (7, 0, 0))
(p3d11mH, (15, 0, 0))
(p3d17mY, (0, 8, 0))
(p3d18mY, (0, 14, 0))
(p3d19mY, (0, 12, 0))
(p3d2mY, (4, 3, 0))
(p3d2mH, (9, 0, 0))
(p3d2mD, (4, 0, 0))
(p3d20mY, (0, 14, 0))
(p3d21mY, (0, 9, 0))
(p3d22mY, (6, 0, 0))
(p3d23mY, (11, 0, 0))
(p3d24mY, (4, 0, 0))
(p3d25mY, (4, 0, 0))
(p3d26mY, (4, 0, 0))
(p3d3mY, (0, 3, 0))
(p3d3mD, (2, 0, 0))
(p3d3mH, (25, 0, 0))
(p3d4mH, (10, 0, 0))
(p3d4mD, (10, 0, 0))
(p3d4mY, (1, 1, 0))
(p3d5mY, (0, 3, 0))
(p3d5mD, (5, 0, 0))
(p3d5mH, (15, 0, 0))
(p3d6mY, (2, 1, 0))
(p3d6mD, (9, 0, 0))
(p3d6mH, (20, 0, 0))
(p3d7mD, (10, 0, 0))
(p3d7mH, (18, 0, 0))
(p3d7mY, (0, 4, 0))
(p3d8mD, (4, 0, 0))
(p3d8mY, (2, 2, 0))
(p3d8mH, (17, 0, 0))
(p3d9mD, (5, 0, 0))
(p3d9mH, (17, 0, 0))
(p3d9mY, (1, 4, 0))
(p30d10mY, (0, 1174, 0))
(p30d11mY, (0, 301, 0))
(p30d17mY, (2, 7984, 0))
(p30d18mY, (2, 7548, 0))
(p30d19mY, (2, 7449, 0))
(p30d2mY, (0, 314, 0))
(p30d20mY, (0, 9733, 0))
(p30d21mY, (0, 6674, 0))
(p30d22mY, (6, 4024, 0))
(p30d23mY, (6, 3561, 0))
(p30d24mY, (0, 3138, 0))
(p30d25mY, (2, 2630, 0))
(p30d26mY, (2, 2146, 0))
(p30d3mY, (0, 327, 0))
(p30d4mY, (0, 316, 0))
(p30d5mY, (0, 286, 0))
(p30d6mY, (0, 299, 0))
(p30d7mY, (0, 299, 0))
(p30d8mY, (0, 304, 0))
(p30d9mY, (0, 297, 0))
(p31d10mY, (0, 259, 0))
(p31d11mY, (0, 55, 0))
(p31d17mY, (1, 3387, 0))
(p31d18mY, (0, 3417, 0))
(p31d19mY, (0, 3198, 0))
(p31d2mY, (0, 66, 0))
(p31d20mY, (0, 4247, 0))
(p31d21mY, (0, 2910, 0))
(p31d22mY, (1, 1754, 0))
(p31d23mY, (0, 1624, 0))
(p31d24mY, (1, 1357, 0))
(p31d25mY, (0, 1182, 0))
(p31d26mY, (1, 969, 0))
(p31d3mY, (0, 76, 0))
(p31d4mY, (0, 83, 0))
(p31d5mY, (0, 56, 0))
(p31d6mY, (0, 69, 0))
(p31d7mY, (0, 73, 0))
(p31d8mY, (0, 69, 0))
(p31d9mY, (0, 61, 0))
(p4d10mD, (813, 0, 0))
(p4d10mH, (1093, 0, 0))
(p4d10mS, (293, 1291, 0))
(p4d10mY, (7, 27, 0))
(p4d11mY, (3, 6, 0))
(p4d11mH, (239, 0, 0))
(p4d11mS, (46, 328, 0))
(p4d11mD, (193, 0, 0))
(p4d17mY, (0, 473, 0))
(p4d18mY, (1, 476, 0))
(p4d19mY, (0, 484, 0))
(p4d2mY, (1, 7, 0))
(p4d2mS, (88, 234, 0))
(p4d2mH, (253, 0, 0))
(p4d2mD, (192, 0, 0))
(p4d20mY, (0, 640, 0))
(p4d21mY, (0, 393, 0))
(p4d22mY, (284, 0, 0))
(p4d23mY, (223, 0, 0))
(p4d24mY, (218, 0, 0))
(p4d25mY, (166, 0, 0))
(p4d26mY, (130, 0, 0))
(p4d3mD, (211, 0, 0))
(p4d3mH, (288, 0, 0))
(p4d3mY, (3, 5, 0))
(p4d3mS, (115, 257, 0))
(p4d4mS, (130, 300, 0))
(p4d4mH, (266, 0, 0))
(p4d4mD, (212, 0, 0))
(p4d4mY, (4, 4, 0))
(p4d5mY, (3, 1, 0))
(p4d5mS, (134, 268, 0))
(p4d5mH, (275, 0, 0))
(p4d5mD, (197, 0, 0))
(p4d6mS, (111, 223, 0))
(p4d6mY, (5, 3, 0))
(p4d6mD, (209, 0, 0))
(p4d6mH, (267, 0, 0))
(p4d7mD, (214, 0, 0))
(p4d7mH, (268, 0, 0))
(p4d7mS, (102, 268, 0))
(p4d7mY, (1, 2, 0))
(p4d8mY, (0, 7, 0))
(p4d8mD, (201, 0, 0))
(p4d8mS, (114, 326, 0))
(p4d8mH, (249, 0, 0))
(p4d9mH, (276, 0, 0))
(p4d9mS, (88, 262, 0))
(p4d9mY, (2, 4, 0))
(p4d9mD, (216, 0, 0))
(p5d10mD, (1637, 0, 0))
(p5d10mH, (3617, 0, 0))
(p5d10mY, (18, 48, 0))
(p5d11mH, (877, 0, 0))
(p5d11mD, (392, 0, 0))
(p5d11mY, (2, 8, 0))
(p5d17mY, (0, 872, 0))
(p5d18mY, (0, 837, 0))
(p5d19mY, (0, 808, 0))
(p5d2mY, (6, 8, 0))
(p5d2mH, (875, 0, 0))
(p5d2mD, (409, 0, 0))
(p5d20mY, (0, 1185, 0))
(p5d21mY, (0, 728, 0))
(p5d22mY, (451, 0, 0))
(p5d23mY, (435, 0, 0))
(p5d24mY, (376, 0, 0))
(p5d25mY, (341, 0, 0))
(p5d26mY, (253, 0, 0))
(p5d3mY, (2, 12, 0))
(p5d3mD, (417, 0, 0))
(p5d3mH, (826, 0, 0))
(p5d4mD, (380, 0, 0))
(p5d4mH, (883, 0, 0))
(p5d4mY, (8, 8, 0))
(p5d5mY, (4, 15, 0))
(p5d5mD, (434, 0, 0))
(p5d5mH, (851, 0, 0))
(p5d6mY, (5, 3, 0))
(p5d6mH, (861, 0, 0))
(p5d6mD, (424, 0, 0))
(p5d7mH, (913, 0, 0))
(p5d7mD, (422, 0, 0))
(p5d7mY, (7, 9, 0))
(p5d8mY, (5, 14, 0))
(p5d8mD, (430, 0, 0))
(p5d8mH, (930, 0, 0))
(p5d9mH, (884, 0, 0))
(p5d9mD, (413, 0, 0))
(p5d9mY, (2, 11, 0))
(p6d10mD, (2504, 0, 0))
(p6d10mH, (4418, 0, 0))
(p6d10mS, (260, 1280, 0))
(p6d10mY, (14, 50, 0))
(p6d11mD, (588, 0, 0))
(p6d11mY, (5, 14, 0))
(p6d11mH, (1056, 0, 0))
(p6d11mS, (45, 321, 0))
(p6d17mY, (1, 1303, 0))
(p6d18mY, (0, 1256, 0))
(p6d19mY, (1, 1272, 0))
(p6d2mS, (121, 261, 0))
(p6d2mY, (10, 8, 0))
(p6d2mD, (590, 0, 0))
(p6d2mH, (1015, 0, 0))
(p6d20mY, (0, 1599, 0))
(p6d21mY, (0, 1096, 0))
(p6d22mY, (648, 0, 0))
(p6d23mY, (606, 0, 0))
(p6d24mY, (498, 0, 0))
(p6d25mY, (426, 0, 0))
(p6d26mY, (355, 0, 0))
(p6d3mD, (600, 0, 0))
(p6d3mH, (1107, 0, 0))
(p6d3mS, (74, 214, 0))
(p6d3mY, (8, 9, 0))
(p6d4mS, (102, 280, 0))
(p6d4mY, (7, 7, 0))
(p6d4mH, (1089, 0, 0))
(p6d4mD, (620, 0, 0))
(p6d5mH, (1146, 0, 0))
(p6d5mD, (633, 0, 0))
(p6d5mY, (7, 7, 0))
(p6d5mS, (124, 274, 0))
(p6d6mS, (124, 264, 0))
(p6d6mY, (8, 8, 0))
(p6d6mD, (603, 0, 0))
(p6d6mH, (1133, 0, 0))
(p6d7mY, (8, 7, 0))
(p6d7mD, (646, 0, 0))
(p6d7mS, (63, 265, 0))
(p6d7mH, (1076, 0, 0))
(p6d8mH, (1100, 0, 0))
(p6d8mS, (95, 301, 0))
(p6d8mY, (11, 9, 0))
(p6d8mD, (593, 0, 0))
(p6d9mD, (619, 0, 0))
(p6d9mY, (2, 6, 0))
(p6d9mH, (1144, 0, 0))
(p6d9mS, (95, 267, 0))
(p7d10mY, (23, 62, 0))
(p7d10mH, (7045, 0, 0))
(p7d10mD, (3412, 0, 0))
(p7d11mY, (2, 15, 0))
(p7d11mH, (1776, 0, 0))
(p7d11mD, (817, 0, 0))
(p7d17mY, (1, 1825, 0))
(p7d18mY, (0, 1708, 0))
(p7d19mY, (3, 1724, 0))
(p7d2mH, (1764, 0, 0))
(p7d2mY, (11, 12, 0))
(p7d2mD, (864, 0, 0))
(p7d20mY, (0, 2221, 0))
(p7d21mY, (0, 1447, 0))
(p7d22mY, (920, 0, 0))
(p7d23mY, (797, 0, 0))
(p7d24mY, (672, 0, 0))
(p7d25mY, (543, 0, 0))
(p7d26mY, (487, 0, 0))
(p7d3mY, (10, 12, 0))
(p7d3mD, (752, 0, 0))
(p7d3mH, (1680, 0, 0))
(p7d4mH, (1752, 0, 0))
(p7d4mD, (843, 0, 0))
(p7d4mY, (10, 12, 0))
(p7d5mH, (1864, 0, 0))
(p7d5mD, (831, 0, 0))
(p7d5mY, (12, 11, 0))
(p7d6mY, (14, 13, 0))
(p7d6mD, (859, 0, 0))
(p7d6mH, (1783, 0, 0))
(p7d7mH, (1783, 0, 0))
(p7d7mD, (775, 0, 0))
(p7d7mY, (6, 16, 0))
(p7d8mH, (1849, 0, 0))
(p7d8mY, (5, 14, 0))
(p7d8mD, (835, 0, 0))
(p7d9mD, (825, 0, 0))
(p7d9mY, (6, 13, 0))
(p7d9mH, (1813, 0, 0))
(p8d10mS, (291, 1255, 0))
(p8d10mD, (4081, 0, 0))
(p8d10mH, (8230, 0, 0))
(p8d10mY, (29, 89, 0))
(p8d11mD, (1010, 0, 0))
(p8d11mH, (2037, 0, 0))
(p8d11mS, (68, 316, 0))
(p8d11mY, (5, 26, 0))
(p8d17mY, (0, 2201, 0))
(p8d18mY, (1, 2222, 0))
(p8d19mY, (0, 2129, 0))
(p8d2mY, (9, 10, 0))
(p8d2mS, (108, 270, 0))
(p8d2mH, (1920, 0, 0))
(p8d2mD, (1024, 0, 0))
(p8d20mY, (0, 2945, 0))
(p8d21mY, (0, 1907, 0))
(p8d22mY, (1202, 0, 0))
(p8d23mY, (1059, 0, 0))
(p8d24mY, (922, 0, 0))
(p8d25mY, (745, 0, 0))
(p8d26mY, (593, 0, 0))
(p8d3mY, (17, 12, 0))
(p8d3mH, (1961, 0, 0))
(p8d3mD, (974, 0, 0))
(p8d3mS, (110, 282, 0))
(p8d4mD, (984, 0, 0))
(p8d4mS, (98, 244, 0))
(p8d4mY, (10, 15, 0))
(p8d4mH, (2036, 0, 0))
(p8d5mY, (18, 18, 0))
(p8d5mH, (2010, 0, 0))
(p8d5mD, (997, 0, 0))
(p8d5mS, (119, 261, 0))
(p8d6mH, (1963, 0, 0))
(p8d6mS, (117, 255, 0))
(p8d6mY, (14, 15, 0))
(p8d6mD, (980, 0, 0))
(p8d7mH, (2057, 0, 0))
(p8d7mD, (1046, 0, 0))
(p8d7mY, (8, 22, 0))
(p8d7mS, (98, 324, 0))
(p8d8mY, (5, 23, 0))
(p8d8mS, (97, 281, 0))
(p8d8mH, (2082, 0, 0))
(p8d8mD, (1003, 0, 0))
(p8d9mY, (13, 22, 0))
(p8d9mS, (73, 299, 0))
(p8d9mH, (1978, 0, 0))
(p8d9mD, (1056, 0, 0))
(p9d10mY, (30, 125, 0))
(p9d10mD, (4926, 0, 0))
(p9d10mH, (11133, 0, 0))
(p9d11mH, (2790, 0, 0))
(p9d11mY, (4, 21, 0))
(p9d11mD, (1239, 0, 0))
(p9d17mY, (2, 2790, 0))
(p9d18mY, (0, 2684, 0))
(p9d19mY, (0, 2701, 0))
(p9d2mH, (2665, 0, 0))
(p9d2mD, (1208, 0, 0))
(p9d2mY, (7, 27, 0))
(p9d20mY, (0, 3617, 0))
(p9d21mY, (0, 2399, 0))
(p9d22mY, (1418, 0, 0))
(p9d23mY, (1387, 0, 0))
(p9d24mY, (1118, 0, 0))
(p9d25mY, (1001, 0, 0))
(p9d26mY, (810, 0, 0))
(p9d3mY, (14, 19, 0))
(p9d3mD, (1275, 0, 0))
(p9d3mH, (2799, 0, 0))
(p9d4mD, (1219, 0, 0))
(p9d4mH, (2704, 0, 0))
(p9d4mY, (21, 20, 0))
(p9d5mY, (13, 18, 0))
(p9d5mH, (2636, 0, 0))
(p9d5mD, (1154, 0, 0))
(p9d6mD, (1225, 0, 0))
(p9d6mH, (2688, 0, 0))
(p9d6mY, (19, 22, 0))
(p9d7mH, (2738, 0, 0))
(p9d7mD, (1178, 0, 0))
(p9d7mY, (5, 24, 0))
(p9d8mD, (1278, 0, 0))
(p9d8mH, (2726, 0, 0))
(p9d8mY, (7, 23, 0))
(p9d9mH, (2818, 0, 0))
(p9d9mY, (9, 30, 0))
(p9d9mD, (1274, 0, 0))
