(p10d10mH, (3817, 0, 0))
(p10d10mD, (1684, 0, 0))
(p10d10mY, (11, 33, 0))
(p10d10mS, (81, 405, 0))
(p10d11mY, (1, 8, 0))
(p10d11mH, (917, 0, 0))
(p10d11mS, (22, 96, 0))
(p10d11mD, (445, 0, 0))
(p10d17mY, (0, 1077, 0))
(p10d18mY, (1, 1001, 0))
(p10d19mY, (0, 1009, 0))
(p10d2mD, (444, 0, 0))
(p10d2mH, (941, 0, 0))
(p10d2mS, (22, 64, 0))
(p10d2mY, (6, 3, 0))
(p10d20mY, (0, 1309, 0))
(p10d21mY, (0, 898, 0))
(p10d22mY, (522, 0, 0))
(p10d23mY, (481, 0, 0))
(p10d24mY, (402, 0, 0))
(p10d25mY, (353, 0, 0))
(p10d26mY, (271, 0, 0))
(p10d3mD, (416, 0, 0))
(p10d3mH, (988, 0, 0))
(p10d3mS, (26, 84, 0))
(p10d3mY, (5, 5, 0))
(p10d4mH, (901, 0, 0))
(p10d4mD, (446, 0, 0))
(p10d4mY, (6, 7, 0))
(p10d4mS, (52, 104, 0))
(p10d5mY, (4, 5, 0))
(p10d5mD, (421, 0, 0))
(p10d5mH, (904, 0, 0))
(p10d5mS, (22, 66, 0))
(p10d6mH, (845, 0, 0))
(p10d6mY, (6, 8, 0))
(p10d6mS, (23, 55, 0))
(p10d6mD, (448, 0, 0))
(p10d7mD, (459, 0, 0))
(p10d7mH, (869, 0, 0))
(p10d7mS, (26, 98, 0))
(p10d7mY, (2, 10, 0))
(p10d8mD, (399, 0, 0))
(p10d8mH, (981, 0, 0))
(p10d8mY, (8, 7, 0))
(p10d8mS, (22, 70, 0))
(p10d9mS, (26, 84, 0))
(p10d9mD, (468, 0, 0))
(p10d9mH, (929, 0, 0))
(p10d9mY, (2, 10, 0))
(p11d10mH, (4697, 0, 0))
(p11d10mD, (2055, 0, 0))
(p11d10mY, (12, 52, 0))
(p11d11mH, (1167, 0, 0))
(p11d11mD, (455, 0, 0))
(p11d11mY, (1, 8, 0))
(p11d17mY, (0, 1233, 0))
(p11d18mY, (0, 1219, 0))
(p11d19mY, (0, 1177, 0))
(p11d2mD, (519, 0, 0))
(p11d2mH, (1244, 0, 0))
(p11d2mY, (6, 10, 0))
(p11d20mY, (0, 1589, 0))
(p11d21mY, (0, 1083, 0))
(p11d22mY, (644, 0, 0))
(p11d23mY, (590, 0, 0))
(p11d24mY, (497, 0, 0))
(p11d25mY, (420, 0, 0))
(p11d26mY, (351, 0, 0))
(p11d3mD, (495, 0, 0))
(p11d3mY, (7, 9, 0))
(p11d3mH, (1173, 0, 0))
(p11d4mD, (518, 0, 0))
(p11d4mH, (1220, 0, 0))
(p11d4mY, (6, 6, 0))
(p11d5mH, (1169, 0, 0))
(p11d5mD, (482, 0, 0))
(p11d5mY, (6, 11, 0))
(p11d6mD, (485, 0, 0))
(p11d6mH, (1213, 0, 0))
(p11d6mY, (10, 12, 0))
(p11d7mH, (1154, 0, 0))
(p11d7mD, (514, 0, 0))
(p11d7mY, (3, 10, 0))
(p11d8mY, (3, 18, 0))
(p11d8mD, (505, 0, 0))
(p11d8mH, (1134, 0, 0))
(p11d9mD, (493, 0, 0))
(p11d9mY, (5, 17, 0))
(p11d9mH, (1187, 0, 0))
(p12d10mS, (77, 409, 0))
(p12d10mY, (50, 128, 0))
(p12d10mD, (2601, 1148, 0))
(p12d10mH, (6826, 2760, 0))
(p12d11mS, (15, 93, 0))
(p12d11mY, (8, 34, 0))
(p12d11mD, (713, 265, 0))
(p12d11mH, (1740, 703, 0))
(p12d17mY, (0, 2731, 0))
(p12d18mY, (1, 2465, 0))
(p12d19mY, (1, 2458, 0))
(p12d2mY, (21, 27, 0))
(p12d2mS, (25, 81, 0))
(p12d2mH, (1633, 676, 0))
(p12d2mD, (683, 293, 0))
(p12d20mY, (0, 3395, 0))
(p12d21mY, (0, 2171, 0))
(p12d22mY, (1400, 0, 0))
(p12d23mY, (1158, 0, 0))
(p12d24mY, (1016, 0, 0))
(p12d25mY, (881, 0, 0))
(p12d26mY, (740, 0, 0))
(p12d3mH, (1698, 728, 0))
(p12d3mD, (687, 275, 0))
(p12d3mS, (36, 66, 0))
(p12d3mY, (14, 29, 0))
(p12d4mY, (14, 31, 0))
(p12d4mS, (31, 97, 0))
(p12d4mH, (1742, 672, 0))
(p12d4mD, (695, 299, 0))
(p12d5mS, (27, 77, 0))
(p12d5mY, (20, 24, 0))
(p12d5mD, (685, 286, 0))
(p12d5mH, (1662, 675, 0))
(p12d6mS, (17, 67, 0))
(p12d6mY, (17, 25, 0))
(p12d6mH, (1675, 676, 0))
(p12d6mD, (697, 316, 0))
(p12d7mD, (680, 270, 0))
(p12d7mH, (1694, 666, 0))
(p12d7mS, (19, 75, 0))
(p12d7mY, (10, 34, 0))
(p12d8mY, (10, 28, 0))
(p12d8mH, (1652, 705, 0))
(p12d8mD, (681, 264, 0))
(p12d8mS, (25, 83, 0))
(p12d9mY, (15, 32, 0))
(p12d9mS, (21, 73, 0))
(p12d9mH, (1701, 668, 0))
(p12d9mD, (671, 281, 0))
(p13d10mY, (43, 121, 0))
(p13d10mD, (2739, 1274, 0))
(p13d10mH, (7399, 3480, 0))
(p13d11mD, (694, 325, 0))
(p13d11mH, (1842, 915, 0))
(p13d11mY, (6, 45, 0))
(p13d17mY, (3, 3115, 0))
(p13d18mY, (0, 2904, 0))
(p13d19mY, (2, 2832, 0))
(p13d2mY, (17, 22, 0))
(p13d2mD, (646, 312, 0))
(p13d2mH, (1846, 916, 0))
(p13d20mY, (0, 3735, 0))
(p13d21mY, (0, 2509, 0))
(p13d22mY, (1517, 0, 0))
(p13d23mY, (1356, 0, 0))
(p13d24mY, (1196, 0, 0))
(p13d25mY, (1043, 0, 0))
(p13d26mY, (807, 0, 0))
(p13d3mY, (19, 28, 0))
(p13d3mD, (715, 306, 0))
(p13d3mH, (1768, 940, 0))
(p13d4mY, (21, 27, 0))
(p13d4mH, (1813, 919, 0))
(p13d4mD, (704, 338, 0))
(p13d5mD, (681, 328, 0))
(p13d5mY, (13, 27, 0))
(p13d5mH, (1861, 900, 0))
(p13d6mH, (1805, 884, 0))
(p13d6mD, (687, 346, 0))
(p13d6mY, (16, 21, 0))
(p13d7mY, (9, 28, 0))
(p13d7mD, (665, 321, 0))
(p13d7mH, (1775, 952, 0))
(p13d8mH, (1811, 900, 0))
(p13d8mD, (631, 324, 0))
(p13d8mY, (12, 32, 0))
(p13d9mY, (13, 32, 0))
(p13d9mD, (678, 323, 0))
(p13d9mH, (1878, 835, 0))
(p14d10mS, (109, 465, 0))
(p14d10mD, (2296, 1449, 0))
(p14d10mH, (6438, 4194, 0))
(p14d10mY, (59, 153, 0))
(p14d11mS, (9, 133, 0))
(p14d11mY, (7, 34, 0))
(p14d11mD, (628, 385, 0))
(p14d11mH, (1595, 1126, 0))
(p14d17mY, (1, 3153, 0))
(p14d18mY, (0, 3108, 0))
(p14d19mY, (1, 2989, 0))
(p14d2mY, (12, 42, 0))
(p14d2mS, (23, 87, 0))
(p14d2mH, (1645, 1001, 0))
(p14d2mD, (563, 361, 0))
(p14d20mY, (0, 3853, 0))
(p14d21mY, (0, 2586, 0))
(p14d22mY, (1645, 0, 0))
(p14d23mY, (1421, 0, 0))
(p14d24mY, (1301, 0, 0))
(p14d25mY, (1052, 0, 0))
(p14d26mY, (883, 0, 0))
(p14d3mS, (26, 58, 0))
(p14d3mH, (1623, 1093, 0))
(p14d3mD, (608, 382, 0))
(p14d3mY, (12, 24, 0))
(p14d4mY, (18, 27, 0))
(p14d4mH, (1575, 1074, 0))
(p14d4mD, (577, 386, 0))
(p14d4mS, (33, 61, 0))
(p14d5mH, (1589, 1067, 0))
(p14d5mD, (644, 367, 0))
(p14d5mY, (18, 28, 0))
(p14d5mS, (29, 87, 0))
(p14d6mY, (22, 19, 0))
(p14d6mD, (606, 345, 0))
(p14d6mS, (27, 77, 0))
(p14d6mH, (1624, 1026, 0))
(p14d7mS, (30, 86, 0))
(p14d7mD, (593, 374, 0))
(p14d7mH, (1577, 1108, 0))
(p14d7mY, (12, 33, 0))
(p14d8mS, (18, 72, 0))
(p14d8mD, (571, 376, 0))
(p14d8mH, (1695, 1065, 0))
(p14d8mY, (9, 36, 0))
(p14d9mD, (585, 376, 0))
(p14d9mS, (32, 92, 0))
(p14d9mH, (1637, 1096, 0))
(p14d9mY, (20, 31, 0))
(p15d10mH, (6058, 5100, 0))
(p15d10mD, (1962, 1589, 0))
(p15d10mY, (50, 168, 0))
(p15d11mD, (489, 387, 0))
(p15d11mH, (1518, 1307, 0))
(p15d11mY, (4, 44, 0))
(p15d17mY, (1, 3318, 0))
(p15d18mY, (3, 3187, 0))
(p15d19mY, (0, 3037, 0))
(p15d2mD, (499, 360, 0))
(p15d2mH, (1492, 1290, 0))
(p15d2mY, (13, 40, 0))
(p15d20mY, (1, 4011, 0))
(p15d21mY, (0, 2685, 0))
(p15d22mY, (1665, 0, 0))
(p15d23mY, (1570, 0, 0))
(p15d24mY, (1302, 0, 0))
(p15d25mY, (1101, 0, 0))
(p15d26mY, (867, 0, 0))
(p15d3mD, (509, 367, 0))
(p15d3mH, (1459, 1304, 0))
(p15d3mY, (19, 24, 0))
(p15d4mH, (1498, 1350, 0))
(p15d4mY, (21, 41, 0))
(p15d4mD, (494, 392, 0))
(p15d5mH, (1459, 1210, 0))
(p15d5mD, (500, 347, 0))
(p15d5mY, (25, 28, 0))
(p15d6mY, (26, 28, 0))
(p15d6mD, (450, 433, 0))
(p15d6mH, (1501, 1298, 0))
(p15d7mY, (13, 30, 0))
(p15d7mD, (487, 388, 0))
(p15d7mH, (1462, 1324, 0))
(p15d8mY, (11, 33, 0))
(p15d8mH, (1569, 1348, 0))
(p15d8mD, (509, 388, 0))
(p15d9mY, (14, 36, 0))
(p15d9mH, (1523, 1307, 0))
(p15d9mD, (472, 381, 0))
(p16d10mY, (46, 175, 0))
(p16d10mS, (68, 386, 0))
(p16d10mH, (5394, 5741, 0))
(p16d10mD, (1619, 1631, 0))
(p16d11mY, (7, 43, 0))
(p16d11mD, (438, 365, 0))
(p16d11mH, (1273, 1446, 0))
(p16d11mS, (24, 104, 0))
(p16d17mY, (0, 3346, 0))
(p16d18mY, (3, 3228, 0))
(p16d19mY, (1, 3210, 0))
(p16d2mH, (1314, 1474, 0))
(p16d2mD, (397, 414, 0))
(p16d2mY, (25, 38, 0))
(p16d2mS, (28, 74, 0))
(p16d20mY, (0, 4244, 0))
(p16d21mY, (0, 2906, 0))
(p16d22mY, (1694, 0, 0))
(p16d23mY, (1516, 0, 0))
(p16d24mY, (1381, 0, 0))
(p16d25mY, (1116, 0, 0))
(p16d26mY, (917, 0, 0))
(p16d3mD, (437, 400, 0))
(p16d3mH, (1328, 1415, 0))
(p16d3mS, (30, 82, 0))
(p16d3mY, (23, 35, 0))
(p16d4mD, (442, 391, 0))
(p16d4mH, (1342, 1431, 0))
(p16d4mS, (42, 106, 0))
(p16d4mY, (20, 32, 0))
(p16d5mD, (425, 414, 0))
(p16d5mH, (1271, 1456, 0))
(p16d5mY, (16, 32, 0))
(p16d5mS, (35, 87, 0))
(p16d6mH, (1268, 1474, 0))
(p16d6mD, (400, 390, 0))
(p16d6mS, (36, 84, 0))
(p16d6mY, (28, 28, 0))
(p16d7mY, (10, 35, 0))
(p16d7mS, (25, 73, 0))
(p16d7mH, (1295, 1412, 0))
(p16d7mD, (405, 398, 0))
(p16d8mD, (409, 415, 0))
(p16d8mH, (1343, 1431, 0))
(p16d8mS, (28, 68, 0))
(p16d8mY, (14, 41, 0))
(p16d9mS, (34, 96, 0))
(p16d9mY, (9, 41, 0))
(p16d9mH, (1337, 1432, 0))
(p16d9mD, (448, 382, 0))
(p17d10mY, (58, 183, 0))
(p17d10mH, (4808, 6620, 0))
(p17d10mD, (1446, 1716, 0))
(p17d11mD, (336, 443, 0))
(p17d11mH, (1221, 1575, 0))
(p17d11mY, (9, 44, 0))
(p17d17mY, (0, 3549, 0))
(p17d18mY, (0, 3467, 0))
(p17d19mY, (1, 3082, 0))
(p17d2mH, (1229, 1658, 0))
(p17d2mD, (337, 417, 0))
(p17d2mY, (25, 24, 0))
(p17d20mY, (0, 4317, 0))
(p17d21mY, (0, 2931, 0))
(p17d22mY, (1872, 0, 0))
(p17d23mY, (1558, 0, 0))
(p17d24mY, (1403, 0, 0))
(p17d25mY, (1140, 0, 0))
(p17d26mY, (1011, 0, 0))
(p17d3mY, (22, 36, 0))
(p17d3mD, (342, 433, 0))
(p17d3mH, (1202, 1596, 0))
(p17d4mY, (32, 31, 0))
(p17d4mH, (1261, 1768, 0))
(p17d4mD, (346, 411, 0))
(p17d5mH, (1164, 1645, 0))
(p17d5mD, (340, 408, 0))
(p17d5mY, (23, 31, 0))
(p17d6mD, (342, 443, 0))
(p17d6mH, (1193, 1696, 0))
(p17d6mY, (28, 35, 0))
(p17d7mY, (20, 39, 0))
(p17d7mD, (391, 372, 0))
(p17d7mH, (1156, 1646, 0))
(p17d8mY, (17, 44, 0))
(p17d8mD, (338, 446, 0))
(p17d8mH, (1223, 1625, 0))
(p17d9mY, (11, 34, 0))
(p17d9mH, (1219, 1693, 0))
(p17d9mD, (327, 427, 0))
(p18d10mD, (1199, 1749, 0))
(p18d10mH, (4119, 7246, 0))
(p18d10mS, (76, 374, 0))
(p18d10mY, (78, 171, 0))
(p18d11mY, (16, 33, 0))
(p18d11mS, (17, 109, 0))
(p18d11mH, (978, 1870, 0))
(p18d11mD, (297, 406, 0))
(p18d17mY, (3625, 0, 0))
(p18d18mY, (2, 3445, 0))
(p18d19mY, (0, 3396, 0))
(p18d2mY, (27, 30, 0))
(p18d2mS, (26, 96, 0))
(p18d2mD, (285, 421, 0))
(p18d2mH, (1012, 1788, 0))
(p18d20mY, (2, 4530, 0))
(p18d21mY, (0, 3000, 0))
(p18d22mY, (1787, 0, 0))
(p18d23mY, (1628, 0, 0))
(p18d24mY, (1431, 0, 0))
(p18d25mY, (1207, 0, 0))
(p18d26mY, (983, 0, 0))
(p18d3mH, (1002, 1885, 0))
(p18d3mS, (36, 98, 0))
(p18d3mD, (277, 450, 0))
(p18d3mY, (40, 27, 0))
(p18d4mS, (29, 67, 0))
(p18d4mY, (49, 20, 0))
(p18d4mD, (332, 413, 0))
(p18d4mH, (1028, 1775, 0))
(p18d5mH, (1046, 1823, 0))
(p18d5mD, (285, 435, 0))
(p18d5mY, (32, 22, 0))
(p18d5mS, (31, 79, 0))
(p18d6mD, (291, 388, 0))
(p18d6mH, (988, 1823, 0))
(p18d6mS, (39, 81, 0))
(p18d6mY, (42, 18, 0))
(p18d7mS, (43, 79, 0))
(p18d7mY, (39, 20, 0))
(p18d7mH, (1025, 1867, 0))
(p18d7mD, (279, 405, 0))
(p18d8mH, (1018, 1808, 0))
(p18d8mD, (300, 411, 0))
(p18d8mY, (16, 50, 0))
(p18d8mS, (35, 91, 0))
(p18d9mY, (18, 41, 0))
(p18d9mH, (1073, 1816, 0))
(p18d9mD, (286, 416, 0))
(p18d9mS, (30, 76, 0))
(p19d10mD, (918, 1607, 0))
(p19d10mH, (3585, 8234, 0))
(p19d10mY, (125, 121, 0))
(p19d11mD, (238, 421, 0))
(p19d11mH, (901, 2041, 0))
(p19d11mY, (20, 40, 0))
(p19d17mY, (3621, 0, 0))
(p19d18mY, (3483, 0, 0))
(p19d19mY, (0, 3394, 0))
(p19d2mY, (33, 20, 0))
(p19d2mH, (876, 2045, 0))
(p19d2mD, (236, 371, 0))
(p19d20mY, (0, 4551, 0))
(p19d21mY, (0, 3018, 0))
(p19d22mY, (1853, 0, 0))
(p19d23mY, (1659, 0, 0))
(p19d24mY, (1432, 0, 0))
(p19d25mY, (1238, 0, 0))
(p19d26mY, (974, 0, 0))
(p19d3mY, (50, 21, 0))
(p19d3mH, (881, 2106, 0))
(p19d3mD, (215, 446, 0))
(p19d4mY, (54, 21, 0))
(p19d4mH, (916, 2068, 0))
(p19d4mD, (248, 396, 0))
(p19d5mD, (223, 412, 0))
(p19d5mH, (869, 2103, 0))
(p19d5mY, (51, 26, 0))
(p19d6mH, (890, 2027, 0))
(p19d6mD, (231, 435, 0))
(p19d6mY, (36, 15, 0))
(p19d7mD, (238, 426, 0))
(p19d7mH, (937, 2059, 0))
(p19d7mY, (42, 12, 0))
(p19d8mH, (878, 2113, 0))
(p19d8mD, (229, 395, 0))
(p19d8mY, (40, 12, 0))
(p19d9mH, (910, 2066, 0))
(p19d9mD, (250, 389, 0))
(p19d9mY, (28, 32, 0))
(p2d10mS, (91, 377, 0))
(p2d10mH, (224, 0, 0))
(p2d10mD, (222, 0, 0))
(p2d11mS, (11, 79, 0))
(p2d11mD, (50, 0, 0))
(p2d11mH, (51, 0, 0))
(p2d17mY, (0, 102, 0))
(p2d18mY, (0, 108, 0))
(p2d19mY, (0, 102, 0))
(p2d2mH, (60, 0, 0))
(p2d2mS, (26, 88, 0))
(p2d2mD, (60, 0, 0))
(p2d20mY, (0, 153, 0))
(p2d21mY, (0, 89, 0))
(p2d22mY, (52, 0, 0))
(p2d23mY, (56, 0, 0))
(p2d24mY, (45, 0, 0))
(p2d25mY, (42, 0, 0))
(p2d26mY, (21, 0, 0))
(p2d3mS, (45, 73, 0))
(p2d3mD, (55, 0, 0))
(p2d3mH, (66, 0, 0))
(p2d4mS, (58, 106, 0))
(p2d4mD, (52, 0, 0))
(p2d4mH, (57, 0, 0))
(p2d5mS, (42, 84, 0))
(p2d5mH, (56, 0, 0))
(p2d5mD, (51, 0, 0))
(p2d6mS, (33, 63, 0))
(p2d6mH, (56, 0, 0))
(p2d6mD, (56, 0, 0))
(p2d7mS, (34, 68, 0))
(p2d7mH, (56, 0, 0))
(p2d7mD, (66, 0, 0))
(p2d8mH, (47, 0, 0))
(p2d8mS, (27, 69, 0))
(p2d8mD, (62, 0, 0))
(p2d9mS, (21, 65, 0))
(p2d9mD, (51, 0, 0))
(p2d9mH, (61, 0, 0))
(p20d10mY, (231, 198, 0))
(p20d10mS, (1451, 5885, 0))
(p20d10mH, (3585, 9298, 0))
(p20d10mD, (1268, 3393, 0))
(p20d11mD, (327, 922, 0))
(p20d11mH, (942, 2309, 0))
(p20d11mS, (279, 1687, 0))
(p20d11mY, (55, 63, 0))
(p20d17mY, (4851, 0, 0))
(p20d18mY, (4618, 0, 0))
(p20d19mY, (4427, 0, 0))
(p20d2mD, (350, 891, 0))
(p20d2mH, (917, 2414, 0))
(p20d2mS, (516, 1476, 0))
(p20d2mY, (89, 31, 0))
(p20d20mY, (0, 6187, 0))
(p20d21mY, (0, 3908, 0))
(p20d22mY, (2348, 0, 0))
(p20d23mY, (2182, 0, 0))
(p20d24mY, (1911, 0, 0))
(p20d25mY, (1569, 0, 0))
(p20d26mY, (1324, 0, 0))
(p20d3mH, (908, 2296, 0))
(p20d3mD, (314, 908, 0))
(p20d3mY, (91, 20, 0))
(p20d3mS, (468, 1454, 0))
(p20d4mY, (80, 28, 0))
(p20d4mS, (547, 1399, 0))
(p20d4mH, (908, 2374, 0))
(p20d4mD, (307, 879, 0))
(p20d5mY, (76, 22, 0))
(p20d5mH, (965, 2262, 0))
(p20d5mD, (307, 921, 0))
(p20d5mS, (549, 1425, 0))
(p20d6mD, (336, 902, 0))
(p20d6mH, (959, 2320, 0))
(p20d6mS, (554, 1374, 0))
(p20d6mY, (99, 27, 0))
(p20d7mD, (311, 906, 0))
(p20d7mH, (885, 2244, 0))
(p20d7mS, (520, 1356, 0))
(p20d7mY, (106, 12, 0))
(p20d8mY, (83, 17, 0))
(p20d8mS, (444, 1360, 0))
(p20d8mH, (895, 2269, 0))
(p20d8mD, (353, 891, 0))
(p20d9mD, (310, 942, 0))
(p20d9mH, (947, 2405, 0))
(p20d9mS, (427, 1459, 0))
(p20d9mY, (98, 23, 0))
(p21d10mY, (281, 38, 0))
(p21d10mD, (2052, 0, 0))
(p21d10mH, (5296, 7266, 0))
(p21d11mD, (481, 0, 0))
(p21d11mH, (1262, 1715, 0))
(p21d11mY, (55, 26, 0))
(p21d17mY, (4101, 0, 0))
(p21d18mY, (3795, 0, 0))
(p21d19mY, (3695, 0, 0))
(p21d2mD, (504, 0, 0))
(p21d2mH, (1340, 1805, 0))
(p21d2mY, (59, 6, 0))
(p21d20mY, (4948, 0, 0))
(p21d21mY, (0, 3295, 0))
(p21d22mY, (2123, 0, 0))
(p21d23mY, (1819, 0, 0))
(p21d24mY, (1558, 0, 0))
(p21d25mY, (1328, 0, 0))
(p21d26mY, (1141, 0, 0))
(p21d3mY, (55, 4, 0))
(p21d3mD, (535, 0, 0))
(p21d3mH, (1323, 1790, 0))
(p21d4mY, (71, 6, 0))
(p21d4mH, (1362, 1732, 0))
(p21d4mD, (504, 0, 0))
(p21d5mH, (1375, 1808, 0))
(p21d5mD, (530, 0, 0))
(p21d5mY, (79, 7, 0))
(p21d6mY, (56, 4, 0))
(p21d6mD, (515, 0, 0))
(p21d6mH, (1365, 1824, 0))
(p21d7mY, (78, 9, 0))
(p21d7mD, (569, 0, 0))
(p21d7mH, (1290, 1724, 0))
(p21d8mY, (78, 3, 0))
(p21d8mH, (1319, 1869, 0))
(p21d8mD, (526, 0, 0))
(p21d9mY, (76, 5, 0))
(p21d9mH, (1289, 1848, 0))
(p21d9mD, (524, 0, 0))
(p22d10mY, (0, 494, 0))
(p22d11mY, (0, 130, 0))
(p22d17mY, (1, 5896, 0))
(p22d18mY, (2, 5712, 0))
(p22d19mY, (0, 5551, 0))
(p22d2mY, (0, 133, 0))
(p22d20mY, (0, 7396, 0))
(p22d21mY, (0, 5002, 0))
(p22d22mY, (0, 3046, 0))
(p22d23mY, (1, 2637, 0))
(p22d24mY, (2, 2370, 0))
(p22d25mY, (2, 1972, 0))
(p22d26mY, (0, 1552, 0))
(p22d3mY, (0, 127, 0))
(p22d4mY, (0, 118, 0))
(p22d5mY, (0, 141, 0))
(p22d6mY, (0, 127, 0))
(p22d7mY, (0, 124, 0))
(p22d8mY, (0, 118, 0))
(p22d9mY, (0, 113, 0))
(p23d10mY, (0, 404, 0))
(p23d11mY, (0, 109, 0))
(p23d17mY, (2, 5459, 0))
(p23d18mY, (1, 5210, 0))
(p23d19mY, (1, 5123, 0))
(p23d2mY, (0, 142, 0))
(p23d20mY, (0, 6765, 0))
(p23d21mY, (0, 4562, 0))
(p23d22mY, (2, 2818, 0))
(p23d23mY, (1, 2471, 0))
(p23d24mY, (1, 2231, 0))
(p23d25mY, (1, 1769, 0))
(p23d26mY, (3, 1487, 0))
(p23d3mY, (0, 103, 0))
(p23d4mY, (0, 106, 0))
(p23d5mY, (0, 107, 0))
(p23d6mY, (0, 110, 0))
(p23d7mY, (0, 123, 0))
(p23d8mY, (0, 100, 0))
(p23d9mY, (0, 103, 0))
(p24d10mY, (0, 416, 0))
(p24d11mY, (0, 122, 0))
(p24d17mY, (2, 5050, 0))
(p24d18mY, (0, 4793, 0))
(p24d19mY, (0, 4611, 0))
(p24d2mY, (0, 116, 0))
(p24d20mY, (0, 6125, 0))
(p24d21mY, (0, 4192, 0))
(p24d22mY, (1, 2596, 0))
(p24d23mY, (0, 2245, 0))
(p24d24mY, (0, 1907, 0))
(p24d25mY, (0, 1681, 0))
(p24d26mY, (2, 1426, 0))
(p24d3mY, (0, 106, 0))
(p24d4mY, (0, 102, 0))
(p24d5mY, (0, 109, 0))
(p24d6mY, (0, 107, 0))
(p24d7mY, (0, 100, 0))
(p24d8mY, (0, 99, 0))
(p24d9mY, (0, 114, 0))
(p25d10mY, (0, 377, 0))
(p25d11mY, (0, 103, 0))
(p25d17mY, (0, 4514, 0))
(p25d18mY, (1, 4271, 0))
(p25d19mY, (0, 4125, 0))
(p25d2mY, (0, 111, 0))
(p25d20mY, (1, 5544, 0))
(p25d21mY, (0, 3765, 0))
(p25d22mY, (1, 2308, 0))
(p25d23mY, (1, 1927, 0))
(p25d24mY, (0, 1799, 0))
(p25d25mY, (0, 1478, 0))
(p25d26mY, (1, 1193, 0))
(p25d3mY, (0, 87, 0))
(p25d4mY, (0, 110, 0))
(p25d5mY, (0, 91, 0))
(p25d6mY, (0, 95, 0))
(p25d7mY, (0, 80, 0))
(p25d8mY, (0, 101, 0))
(p25d9mY, (0, 99, 0))
(p26d10mY, (0, 353, 0))
(p26d11mY, (0, 88, 0))
(p26d17mY, (1, 4049, 0))
(p26d18mY, (0, 3856, 0))
(p26d19mY, (0, 3613, 0))
(p26d2mY, (0, 91, 0))
(p26d20mY, (0, 5060, 0))
(p26d21mY, (0, 3248, 0))
(p26d22mY, (1, 1953, 0))
(p26d23mY, (0, 1666, 0))
(p26d24mY, (0, 1470, 0))
(p26d25mY, (0, 1329, 0))
(p26d26mY, (3, 1063, 0))
(p26d3mY, (0, 95, 0))
(p26d4mY, (0, 99, 0))
(p26d5mY, (0, 78, 0))
(p26d6mY, (0, 74, 0))
(p26d7mY, (0, 100, 0))
(p26d8mY, (0, 80, 0))
(p26d9mY, (0, 78, 0))
(p27d10mY, (0, 322, 0))
(p27d11mY, (0, 91, 0))
(p27d17mY, (0, 3572, 0))
(p27d18mY, (0, 3386, 0))
(p27d19mY, (1, 3170, 0))
(p27d2mY, (0, 76, 0))
(p27d20mY, (2, 4324, 0))
(p27d21mY, (0, 2922, 0))
(p27d22mY, (3, 1818, 0))
(p27d23mY, (1, 1567, 0))
(p27d24mY, (0, 1370, 0))
(p27d25mY, (0, 1180, 0))
(p27d26mY, (0, 975, 0))
(p27d3mY, (0, 82, 0))
(p27d4mY, (0, 95, 0))
(p27d5mY, (0, 72, 0))
(p27d6mY, (0, 83, 0))
(p27d7mY, (0, 77, 0))
(p27d8mY, (0, 92, 0))
(p27d9mY, (0, 77, 0))
(p28d10mY, (0, 241, 0))
(p28d11mY, (0, 94, 0))
(p28d17mY, (1, 3010, 0))
(p28d18mY, (1, 2842, 0))
(p28d19mY, (2, 2728, 0))
(p28d2mY, (0, 81, 0))
(p28d20mY, (0, 3803, 0))
(p28d21mY, (0, 2594, 0))
(p28d22mY, (0, 1506, 0))
(p28d23mY, (0, 1316, 0))
(p28d24mY, (0, 1186, 0))
(p28d25mY, (2, 1005, 0))
(p28d26mY, (0, 821, 0))
(p28d3mY, (0, 73, 0))
(p28d4mY, (0, 61, 0))
(p28d5mY, (0, 69, 0))
(p28d6mY, (0, 75, 0))
(p28d7mY, (0, 69, 0))
(p28d8mY, (0, 48, 0))
(p28d9mY, (0, 55, 0))
(p29d10mY, (0, 247, 0))
(p29d11mY, (0, 71, 0))
(p29d17mY, (0, 2572, 0))
(p29d18mY, (1, 2424, 0))
(p29d19mY, (0, 2415, 0))
(p29d2mY, (0, 58, 0))
(p29d20mY, (0, 3221, 0))
(p29d21mY, (0, 2176, 0))
(p29d22mY, (0, 1338, 0))
(p29d23mY, (0, 1157, 0))
(p29d24mY, (0, 997, 0))
(p29d25mY, (1, 908, 0))
(p29d26mY, (1, 686, 0))
(p29d3mY, (0, 59, 0))
(p29d4mY, (0, 55, 0))
(p29d5mY, (0, 70, 0))
(p29d6mY, (0, 68, 0))
(p29d7mY, (0, 64, 0))
(p29d8mY, (0, 65, 0))
(p29d9mY, (0, 69, 0))
(p3d10mD, (11, 0, 0))
(p3d10mH, (16, 0, 0))
(p3d10mY, (1, 2, 0))
(p3d11mD, (1, 0, 0))
(p3d11mH, (3, 0, 0))
(p3d17mY, (0, 4, 0))
(p3d18mY, (0, 6, 0))
(p3d19mY, (0, 1, 0))
(p3d2mY, (1, 0, 0))
(p3d2mH, (6, 0, 0))
(p3d2mD, (2, 0, 0))
(p3d20mY, (0, 2, 0))
(p3d21mY, (0, 5, 0))
(p3d22mY, (4, 0, 0))
(p3d23mY, (3, 0, 0))
(p3d26mY, (3, 0, 0))
(p3d3mY, (1, 0, 0))
(p3d3mH, (9, 0, 0))
(p3d4mD, (1, 0, 0))
(p3d4mH, (5, 0, 0))
(p3d5mY, (1, 0, 0))
(p3d5mD, (7, 0, 0))
(p3d5mH, (5, 0, 0))
(p3d6mY, (1, 0, 0))
(p3d6mD, (1, 0, 0))
(p3d6mH, (6, 0, 0))
(p3d7mD, (2, 0, 0))
(p3d7mH, (7, 0, 0))
(p3d7mY, (1, 0, 0))
(p3d8mD, (3, 0, 0))
(p3d8mY, (0, 3, 0))
(p3d8mH, (3, 0, 0))
(p3d9mH, (1, 0, 0))
(p30d10mY, (0, 322, 0))
(p30d11mY, (0, 88, 0))
(p30d17mY, (2, 2373, 0))
(p30d18mY, (3, 2336, 0))
(p30d19mY, (0, 2197, 0))
(p30d2mY, (0, 70, 0))
(p30d20mY, (0, 2904, 0))
(p30d21mY, (0, 2054, 0))
(p30d22mY, (0, 1181, 0))
(p30d23mY, (0, 1058, 0))
(p30d24mY, (0, 926, 0))
(p30d25mY, (0, 801, 0))
(p30d26mY, (2, 644, 0))
(p30d3mY, (0, 92, 0))
(p30d4mY, (0, 102, 0))
(p30d5mY, (0, 103, 0))
(p30d6mY, (0, 78, 0))
(p30d7mY, (0, 81, 0))
(p30d8mY, (0, 71, 0))
(p30d9mY, (0, 88, 0))
(p31d10mY, (0, 69, 0))
(p31d11mY, (0, 18, 0))
(p31d17mY, (0, 1025, 0))
(p31d18mY, (0, 1020, 0))
(p31d19mY, (1, 1027, 0))
(p31d2mY, (0, 17, 0))
(p31d20mY, (0, 1352, 0))
(p31d21mY, (0, 869, 0))
(p31d22mY, (0, 538, 0))
(p31d23mY, (0, 468, 0))
(p31d24mY, (0, 426, 0))
(p31d25mY, (0, 380, 0))
(p31d26mY, (0, 307, 0))
(p31d3mY, (0, 27, 0))
(p31d4mY, (0, 26, 0))
(p31d5mY, (0, 21, 0))
(p31d6mY, (0, 21, 0))
(p31d7mY, (0, 21, 0))
(p31d8mY, (0, 15, 0))
(p31d9mY, (0, 16, 0))
(p4d10mD, (245, 0, 0))
(p4d10mH, (344, 0, 0))
(p4d10mS, (77, 349, 0))
(p4d10mY, (1, 9, 0))
(p4d11mY, (0, 2, 0))
(p4d11mH, (77, 0, 0))
(p4d11mS, (14, 106, 0))
(p4d11mD, (53, 0, 0))
(p4d17mY, (0, 162, 0))
(p4d18mY, (0, 140, 0))
(p4d19mY, (0, 142, 0))
(p4d2mS, (44, 74, 0))
(p4d2mD, (54, 0, 0))
(p4d2mH, (91, 0, 0))
(p4d20mY, (0, 194, 0))
(p4d21mY, (0, 113, 0))
(p4d22mY, (76, 0, 0))
(p4d23mY, (61, 0, 0))
(p4d24mY, (67, 0, 0))
(p4d25mY, (50, 0, 0))
(p4d26mY, (44, 0, 0))
(p4d3mD, (54, 0, 0))
(p4d3mH, (80, 0, 0))
(p4d3mY, (0, 1, 0))
(p4d3mS, (32, 76, 0))
(p4d4mS, (34, 76, 0))
(p4d4mH, (95, 0, 0))
(p4d4mD, (84, 0, 0))
(p4d4mY, (1, 1, 0))
(p4d5mS, (42, 62, 0))
(p4d5mY, (2, 2, 0))
(p4d5mH, (74, 0, 0))
(p4d5mD, (49, 0, 0))
(p4d6mS, (46, 78, 0))
(p4d6mY, (0, 1, 0))
(p4d6mD, (56, 0, 0))
(p4d6mH, (95, 0, 0))
(p4d7mD, (56, 0, 0))
(p4d7mH, (83, 0, 0))
(p4d7mS, (32, 84, 0))
(p4d7mY, (0, 2, 0))
(p4d8mD, (67, 0, 0))
(p4d8mY, (0, 3, 0))
(p4d8mS, (25, 103, 0))
(p4d8mH, (73, 0, 0))
(p4d9mY, (1, 2, 0))
(p4d9mH, (77, 0, 0))
(p4d9mS, (40, 82, 0))
(p4d9mD, (70, 0, 0))
(p5d10mD, (510, 0, 0))
(p5d10mH, (1075, 0, 0))
(p5d10mY, (7, 9, 0))
(p5d11mH, (303, 0, 0))
(p5d11mD, (116, 0, 0))
(p5d11mY, (1, 5, 0))
(p5d17mY, (0, 275, 0))
(p5d18mY, (0, 277, 0))
(p5d19mY, (0, 263, 0))
(p5d2mY, (0, 3, 0))
(p5d2mH, (232, 0, 0))
(p5d2mD, (148, 0, 0))
(p5d20mY, (0, 367, 0))
(p5d21mY, (0, 225, 0))
(p5d22mY, (145, 0, 0))
(p5d23mY, (115, 0, 0))
(p5d24mY, (112, 0, 0))
(p5d25mY, (103, 0, 0))
(p5d26mY, (72, 0, 0))
(p5d3mH, (267, 0, 0))
(p5d3mY, (2, 3, 0))
(p5d3mD, (138, 0, 0))
(p5d4mD, (110, 0, 0))
(p5d4mH, (270, 0, 0))
(p5d4mY, (4, 1, 0))
(p5d5mY, (6, 5, 0))
(p5d5mD, (128, 0, 0))
(p5d5mH, (274, 0, 0))
(p5d6mY, (0, 3, 0))
(p5d6mH, (280, 0, 0))
(p5d6mD, (131, 0, 0))
(p5d7mH, (261, 0, 0))
(p5d7mD, (160, 0, 0))
(p5d7mY, (0, 2, 0))
(p5d8mY, (0, 1, 0))
(p5d8mD, (136, 0, 0))
(p5d8mH, (307, 0, 0))
(p5d9mH, (297, 0, 0))
(p5d9mD, (116, 0, 0))
(p5d9mY, (0, 3, 0))
(p6d10mH, (1359, 0, 0))
(p6d10mD, (743, 0, 0))
(p6d10mS, (88, 368, 0))
(p6d10mY, (4, 19, 0))
(p6d11mY, (1, 4, 0))
(p6d11mH, (318, 0, 0))
(p6d11mD, (184, 0, 0))
(p6d11mS, (8, 112, 0))
(p6d17mY, (0, 420, 0))
(p6d18mY, (0, 393, 0))
(p6d19mY, (1, 352, 0))
(p6d2mS, (43, 85, 0))
(p6d2mY, (2, 1, 0))
(p6d2mD, (180, 0, 0))
(p6d2mH, (349, 0, 0))
(p6d20mY, (0, 501, 0))
(p6d21mY, (0, 335, 0))
(p6d22mY, (216, 0, 0))
(p6d23mY, (190, 0, 0))
(p6d24mY, (164, 0, 0))
(p6d25mY, (120, 0, 0))
(p6d26mY, (91, 0, 0))
(p6d3mH, (339, 0, 0))
(p6d3mS, (27, 61, 0))
(p6d3mD, (190, 0, 0))
(p6d3mY, (1, 2, 0))
(p6d4mS, (35, 71, 0))
(p6d4mY, (2, 2, 0))
(p6d4mD, (197, 0, 0))
(p6d4mH, (355, 0, 0))
(p6d5mH, (324, 0, 0))
(p6d5mD, (178, 0, 0))
(p6d5mY, (1, 2, 0))
(p6d5mS, (29, 75, 0))
(p6d6mS, (30, 70, 0))
(p6d6mY, (0, 4, 0))
(p6d6mH, (368, 0, 0))
(p6d6mD, (198, 0, 0))
(p6d7mY, (1, 1, 0))
(p6d7mD, (178, 0, 0))
(p6d7mH, (350, 0, 0))
(p6d7mS, (26, 92, 0))
(p6d8mH, (323, 0, 0))
(p6d8mS, (27, 83, 0))
(p6d8mD, (171, 0, 0))
(p6d8mY, (1, 3, 0))
(p6d9mS, (26, 100, 0))
(p6d9mD, (196, 0, 0))
(p6d9mY, (0, 2, 0))
(p6d9mH, (350, 0, 0))
(p7d10mY, (3, 26, 0))
(p7d10mH, (2087, 0, 0))
(p7d10mD, (1021, 0, 0))
(p7d11mY, (1, 2, 0))
(p7d11mD, (291, 0, 0))
(p7d11mH, (521, 0, 0))
(p7d17mY, (0, 491, 0))
(p7d18mY, (1, 501, 0))
(p7d19mY, (0, 515, 0))
(p7d2mY, (4, 2, 0))
(p7d2mH, (517, 0, 0))
(p7d2mD, (263, 0, 0))
(p7d20mY, (1, 663, 0))
(p7d21mY, (0, 497, 0))
(p7d22mY, (261, 0, 0))
(p7d23mY, (250, 0, 0))
(p7d24mY, (230, 0, 0))
(p7d25mY, (191, 0, 0))
(p7d26mY, (162, 0, 0))
(p7d3mY, (2, 5, 0))
(p7d3mD, (262, 0, 0))
(p7d3mH, (575, 0, 0))
(p7d4mH, (536, 0, 0))
(p7d4mD, (249, 0, 0))
(p7d4mY, (5, 7, 0))
(p7d5mH, (530, 0, 0))
(p7d5mD, (236, 0, 0))
(p7d5mY, (1, 10, 0))
(p7d6mY, (3, 2, 0))
(p7d6mH, (539, 0, 0))
(p7d6mD, (263, 0, 0))
(p7d7mH, (494, 0, 0))
(p7d7mD, (263, 0, 0))
(p7d7mY, (2, 6, 0))
(p7d8mY, (2, 3, 0))
(p7d8mH, (577, 0, 0))
(p7d8mD, (260, 0, 0))
(p7d9mY, (2, 5, 0))
(p7d9mD, (266, 0, 0))
(p7d9mH, (555, 0, 0))
(p8d10mS, (76, 354, 0))
(p8d10mH, (2508, 0, 0))
(p8d10mD, (1256, 0, 0))
(p8d10mY, (3, 29, 0))
(p8d11mD, (294, 0, 0))
(p8d11mH, (625, 0, 0))
(p8d11mS, (5, 95, 0))
(p8d11mY, (1, 11, 0))
(p8d17mY, (0, 752, 0))
(p8d18mY, (0, 655, 0))
(p8d19mY, (0, 622, 0))
(p8d2mY, (4, 7, 0))
(p8d2mS, (27, 97, 0))
(p8d2mH, (595, 0, 0))
(p8d2mD, (311, 0, 0))
(p8d20mY, (0, 912, 0))
(p8d21mY, (0, 586, 0))
(p8d22mY, (347, 0, 0))
(p8d23mY, (321, 0, 0))
(p8d24mY, (282, 0, 0))
(p8d25mY, (261, 0, 0))
(p8d26mY, (169, 0, 0))
(p8d3mY, (5, 4, 0))
(p8d3mH, (626, 0, 0))
(p8d3mD, (355, 0, 0))
(p8d3mS, (30, 86, 0))
(p8d4mD, (310, 0, 0))
(p8d4mH, (633, 0, 0))
(p8d4mS, (26, 74, 0))
(p8d4mY, (2, 6, 0))
(p8d5mY, (1, 7, 0))
(p8d5mH, (624, 0, 0))
(p8d5mD, (291, 0, 0))
(p8d5mS, (28, 84, 0))
(p8d6mH, (602, 0, 0))
(p8d6mS, (32, 80, 0))
(p8d6mY, (2, 3, 0))
(p8d6mD, (295, 0, 0))
(p8d7mH, (608, 0, 0))
(p8d7mD, (313, 0, 0))
(p8d7mY, (2, 5, 0))
(p8d7mS, (32, 80, 0))
(p8d8mY, (0, 10, 0))
(p8d8mS, (24, 102, 0))
(p8d8mH, (646, 0, 0))
(p8d8mD, (306, 0, 0))
(p8d9mY, (0, 5, 0))
(p8d9mS, (21, 83, 0))
(p8d9mH, (617, 0, 0))
(p8d9mD, (300, 0, 0))
(p9d10mY, (8, 34, 0))
(p9d10mD, (1490, 0, 0))
(p9d10mH, (3419, 0, 0))
(p9d11mH, (876, 0, 0))
(p9d11mY, (3, 9, 0))
(p9d11mD, (396, 0, 0))
(p9d17mY, (0, 893, 0))
(p9d18mY, (0, 828, 0))
(p9d19mY, (0, 793, 0))
(p9d2mD, (379, 0, 0))
(p9d2mH, (820, 0, 0))
(p9d2mY, (3, 4, 0))
(p9d20mY, (0, 1067, 0))
(p9d21mY, (0, 760, 0))
(p9d22mY, (436, 0, 0))
(p9d23mY, (428, 0, 0))
(p9d24mY, (322, 0, 0))
(p9d25mY, (282, 0, 0))
(p9d26mY, (251, 0, 0))
(p9d3mY, (3, 6, 0))
(p9d3mD, (390, 0, 0))
(p9d3mH, (842, 0, 0))
(p9d4mD, (362, 0, 0))
(p9d4mH, (885, 0, 0))
(p9d4mY, (9, 5, 0))
(p9d5mY, (6, 5, 0))
(p9d5mH, (798, 0, 0))
(p9d5mD, (400, 0, 0))
(p9d6mD, (384, 0, 0))
(p9d6mH, (870, 0, 0))
(p9d6mY, (1, 1, 0))
(p9d7mH, (898, 0, 0))
(p9d7mD, (365, 0, 0))
(p9d7mY, (6, 8, 0))
(p9d8mD, (384, 0, 0))
(p9d8mH, (813, 0, 0))
(p9d8mY, (2, 7, 0))
(p9d9mD, (354, 0, 0))
(p9d9mH, (841, 0, 0))
(p9d9mY, (2, 10, 0))
